   5.9766263594066969E+025   11823000.000000000       0.31416170122511283     
   0.000000000000000000000   0.000000000000000000000  0.82235297548766850
   6.1187982223076042E-016   1.9353633177335058E-002  0.82235297548766850     
   6.4813598105875088E-016   2.0388995485480337E-002  0.82195835387896410     
   6.8654045235791632E-016   2.1469738484993214E-002  0.82152455352915177     
   7.2722053164502448E-016   2.2596359141150789E-002  0.82104834956853912     
   7.7031105717040139E-016   2.3769132181734248E-002  0.82052638996170579     
   8.1595485685300388E-016   2.4988081619573697E-002  0.81995522004038146     
   8.6430322169804654E-016   2.6252953532502846E-002  0.81933131384423530     
   9.1551640726638495E-016   2.7563191439820414E-002  0.81865111270531321     
   9.6976416485784691E-016   2.8917915872776881E-002  0.81791107125519547     
   1.0272263041691179E-015   3.0315909978958229E-002  0.81710771067739796     
   1.0880932892912378E-015   3.1755613190203653E-002  0.81623767855663620     
   1.1525668700221539E-015   3.3235125091360826E-002  0.81529781410782165     
   1.2208607505868908E-015   3.4752221614151375E-002  0.81428521690606459     
   1.2932012979819058E-015   3.6304385494069065E-002  0.81319731649191362     
   1.3698282922914403E-015   3.7888852538609762E-002  0.81203193948154884     
   1.4509957214629533E-015   3.9502674622517019E-002  0.81078737009493707     
   1.5369726231759423E-015   4.1142799445176098E-002  0.80946239946628418     
   1.6280439765946210E-015   4.2806165950343394E-002  0.80805635872381421     
   1.7245116469603008E-015   4.4489812990066643E-002  0.80656913085388615     
   1.8266953861543215E-015   4.6190997366723115E-002  0.80500113675076901     
   1.9349338925481329E-015   4.7907315958318333E-002  0.80335329177951609     
   2.0495859336534040E-015   4.9636825344727860E-002  0.80162693055220480     
   2.1710315352933322E-015   5.1378151405944116E-002  0.79982369949660925     
   2.2996732412368333E-015   5.3130580880523831E-002  0.79794541898169069     
   2.4359374474706472E-015   5.4894127005203963E-002  0.79599391912785433     
   2.5802758155321421E-015   5.6669562169934302E-002  0.79397085574981363     
   2.7331667695872904E-015   5.8458411983989766E-002  0.79187751486975178     
   2.8951170822161049E-015   6.0262907191192906E-002  0.78971461574463064     
   3.0666635541618149E-015   6.2085892303029439E-002  0.78748212310817911     
   3.2483747936113298E-015   6.3930692409025311E-002  0.78517907934692766     
   3.4408531009048106E-015   6.5800942131005125E-002  0.78280346653251220     
   3.6447364649212496E-015   6.7700382874530812E-002  0.78035210676859679     
   3.8607006777573233E-015   6.9632636199706138E-002  0.77782060736862901     
   4.0894615747089337E-015   7.1600962210804850E-002  0.77520335513605554     
   4.3317774069798224E-015   7.3608012304075904E-002  0.77249356178627104     
   4.5884513549821974E-015   7.5655585491849586E-002  0.76968336041015717     
   4.8603341905596762E-015   7.7744396964893187E-002  0.76676395110784545     
   5.1483270969568629E-015   7.9873866713044334E-002  0.76372579245810757     
   5.4533846558827379E-015   8.2041935056769294E-002  0.76055883441180461     
   5.7765180115684628E-015   8.4244910984957178E-002  0.75725278739344748     
   6.1187982223076046E-015   8.6477358333474807E-002  0.75379742178561349     
   6.4813598105875082E-015   8.8732024099646020E-002  0.75018289139455985     
   6.8654045235791628E-015   9.0999812578333714E-002  0.74640007390765950     
   7.2722053164502450E-015   9.3269808415745212E-002  0.74244092059274802     
   7.7031105717040135E-015   9.5529351067041426E-002  0.73829880660836600     
   8.1595485685300390E-015   9.7764162341877917E-002  0.73396887226422936     
   8.6430322169804644E-015   9.9958527684938847E-002  0.72944834450294371     
   9.1551640726638495E-015  0.10209553043010935       0.72473682691183605     
   9.6976416485784703E-015  0.10415733651166235       0.71983654590476309     
   1.0272263041691175E-014  0.10612552496344520       0.71475254051846304     
   1.0880932892912378E-014  0.10798145717419849       0.70949278380162051     
   1.1525668700221539E-014  0.10970667534406525       0.70406822514398093     
   1.2208607505868906E-014  0.11128331819919624       0.69849274523454297     
   1.2932012979819061E-014  0.11269453996816056       0.69278301864393255     
   1.3698282922914402E-014  0.11392491719262578       0.68695828316664809     
   1.4509957214629534E-014  0.11496082732847120       0.68104001981817219     
   1.5369726231759424E-014  0.11579078351852454       0.67505155238288417     
   1.6280439765946213E-014  0.11640571138178035       0.66901758025498059     
   1.7245116469603007E-014  0.11679915619557285       0.66296366252126293     
   1.8266953861543217E-014  0.11696741223768278       0.65691567439906917     
   1.9349338925481331E-014  0.11690957006091392       0.65089925891178357     
   2.0495859336534037E-014  0.11662748176347526       0.64493929686692886     
   2.1710315352933321E-014  0.11612564850728463       0.63905941676169986     
   2.2996732412368330E-014  0.11541103828943261       0.63328156333629315     
   2.4359374474706474E-014  0.11449284499893277       0.62762563941141725     
   2.5802758155321421E-014  0.11338220189070340       0.62210923080015890     
   2.7331667695872908E-014  0.11209186369952971       0.61674741893605001     
   2.8951170822161049E-014  0.11063587172299133       0.61155268085160064     
   3.0666635541618149E-014  0.10902921541894389       0.60653487170892406     
   3.2483747936113296E-014  0.10728750259843128       0.60170128142273216     
   3.4408531009048103E-014  0.10542664832451322       0.59705675438698946     
   3.6447364649212494E-014  0.10346259041137525       0.59260385967711304     
   3.8607006777573241E-014  0.10141103711285898       0.58834309862960776     
   4.0894615747089324E-014   9.9287250398409868E-002  0.58427313700824424     
   4.3317774069798219E-014   9.7105866232251842E-002  0.58039104996827828     
   4.5884513549821982E-014   9.4880751607375857E-002  0.57669256956828796     
   4.8603341905596751E-014   9.2624896727595010E-002  0.57317232629201997     
   5.1483270969568627E-014   9.0350339746343336E-002  0.56982407796023726     
   5.4533846558827390E-014   8.8068120785076295E-002  0.56664092121013332     
   5.7765180115684621E-014   8.5788261561013615E-002  0.56361548239801695     
   6.1187982223076043E-014   8.3519766807689702E-002  0.56074008623621308     
   6.4813598105875092E-014   8.1270643690154312E-002  0.55800690165999522     
   6.8654045235791636E-014   7.9047935615106049E-002  0.55540806538418719     
   7.2722053164502447E-014   7.6857767087042506E-002  0.55293578426931911     
   7.7031105717040128E-014   7.4705396648053840E-002  0.55058241814605480     
   8.1595485685300381E-014   7.2595275257573047E-002  0.54834054496553408     
   8.6430322169804666E-014   7.0531107890617659E-002  0.54620301033687380     
   9.1551640726638492E-014   6.8515916486243597E-002  0.54416296350398619     
   9.6976416485784694E-014   6.6552102732218205E-002  0.54221388175713703     
   1.0272263041691177E-013   6.4641509493181773E-002  0.54034958514754450     
   1.0880932892912377E-013   6.2785479958757245E-002  0.53856424320800289     
   1.1525668700221538E-013   6.0984913851093066E-002  0.53685237521287532     
   1.2208607505868907E-013   5.9240320216254826E-002  0.53520884530936519     
   1.2932012979819061E-013   5.7551866536938771E-002  0.53362885369212232     
   1.3698282922914400E-013   5.5919423989776965E-002  0.53210792478919677     
   1.4509957214629534E-013   5.4342608838175682E-002  0.53064189330423861     
   1.5369726231759426E-013   5.2820819975650177E-002  0.52922688877766721     
   1.6280439765946210E-013   5.1353272791685604E-002  0.52785931925995655     
   1.7245116469603008E-013   4.9939029467880147E-002  0.52653585451283935     
   1.8266953861543216E-013   4.8577025938220560E-002  0.52525340912478480     
   1.9349338925481331E-013   4.7266095689325487E-002  0.52400912579383596     
   2.0495859336534035E-013   4.6004990676964057E-002  0.52280035903068334     
   2.1710315352933325E-013   4.4792399539773348E-002  0.52162465940787972     
   2.2996732412368332E-013   4.3626963354006419E-002  0.52047975849428807     
   2.4359374474706471E-013   4.2507289145974070E-002  0.51936355455587213     
   2.5802758155321413E-013   4.1431961360171646E-002  0.51827409907912458     
   2.7331667695872905E-013   4.0399551499251361E-002  0.51720958415997098     
   2.8951170822161046E-013   3.9408626095665727E-002  0.51616833077155133     
   3.0666635541618146E-013   3.8457753208705654E-002  0.51514877793130709     
   3.2483747936113299E-013   3.7545507584368636E-002  0.51414947275883316     
   3.4408531009048106E-013   3.6670474667974011E-002  0.51316906143971053     
   3.6447364649212493E-013   3.5831253571234123E-002  0.51220628106750343     
   3.8607006777573243E-013   3.5026459162997077E-002  0.51125995237562871     
   4.0894615747089328E-013   3.4254723373899225E-002  0.51032897332232208     
   4.3317774069798227E-013   3.3514695901017633E-002  0.50941231355373717     
   4.5884513549821972E-013   3.2805044377954354E-002  0.50850900968942325     
   4.8603341905596752E-013   3.2124454165026940E-002  0.50761816143385130     
   5.1483270969568616E-013   3.1471627871263834E-002  0.50673892847888524     
   5.4533846558827387E-013   3.0845284734111873E-002  0.50587052816869160     
   5.7765180115684631E-013   3.0244159979904869E-002  0.50501223387914229     
   6.1187982223076048E-013   2.9667004276439212E-002  0.50416337405512468     
   6.4813598105875084E-013   2.9112583402181366E-002  0.50332333183920508     
   6.8654045235791638E-013   2.8579678231468692E-002  0.50249154520003203     
   7.2722053164502449E-013   2.8067085152962905E-002  0.50166750746872957     
   7.7031105717040138E-013   2.7573616983068986E-002  0.50085076814741825     
   8.1595485685300381E-013   2.7098104459216055E-002  0.50004093387331905     
   8.6430322169804656E-013   2.6639398329039422E-002  0.49923766936406583     
   9.1551640726638471E-013   2.6196372085240009E-002  0.49844069823208237     
   9.6976416485784711E-013   2.5767925288739418E-002  0.49764980346508625     
   1.0272263041691177E-012   2.5352987444422638E-002  0.49686482744508587     
   1.0880932892912377E-012   2.4950522336440611E-002  0.49608567136219395     
   1.1525668700221539E-012   2.4559532695905099E-002  0.49531229389881487     
   1.2208607505868906E-012   2.4179065057432354E-002  0.49454470910467274     
   1.2932012979819060E-012   2.3808214618382072E-002  0.49378298339505222     
   1.3698282922914403E-012   2.3446129923028299E-002  0.49302723168145868     
   1.4509957214629534E-012   2.3092017163925525E-002  0.49227761262452302     
   1.5369726231759425E-012   2.2745143937783645E-002  0.49153432315296508     
   1.6280439765946211E-012   2.2404842267746871E-002  0.49079759229650577     
   1.7245116469603007E-012   2.2070510762610115E-002  0.49006767452029792     
   1.8266953861543218E-012   2.1741615809073054E-002  0.48934484273885176     
   1.9349338925481334E-012   2.1417691731520711E-002  0.48862938116887744     
   2.0495859336533993E-012   2.1098339907916812E-002  0.48792157828103044     
   2.1710315352933370E-012   2.0783226864210230E-002  0.48722171998289765     
   2.2996732412368327E-012   2.0472081414893470E-002  0.48653008324428099     
   2.4359374474706476E-012   2.0164690956937577E-002  0.48584693031191351     
   2.5802758155321420E-012   1.9860897042486850E-002  0.48517250363404929     
   2.7331667695872850E-012   1.9560590384905319E-002  0.48450702158662734     
   2.8951170822161106E-012   1.9263705457832656E-002  0.48385067506129353     
   3.0666635541618149E-012   1.8970214852047775E-002  0.48320362492038288     
   3.2483747936113301E-012   1.8680123546497850E-002  0.48256600031597252     
   3.4408531009048108E-012   1.8393463239695724E-002  0.48193789782887203     
   3.6447364649212417E-012   1.8110286870127806E-002  0.48131938136386815     
   3.8607006777573313E-012   1.7830663437853524E-002  0.48071048271169198     
   4.0894615747089325E-012   1.7554673204157673E-002  0.48011120270189334     
   4.3317774069798224E-012   1.7282403343906749E-002  0.47952151282694283     
   4.5884513549821976E-012   1.7013944086526928E-002  0.47894135724647779     
   4.8603341905596653E-012   1.6749385367991608E-002  0.47837065507062282     
   5.1483270969568721E-012   1.6488813999340299E-002  0.47780930282821726     
   5.4533846558827383E-012   1.6232311327539689E-002  0.47725717704161164     
   5.7765180115684631E-012   1.5979951400890525E-002  0.47671413681327574     
   6.1187982223076046E-012   1.5731799546866574E-002  0.47618002639081275     
   6.4813598105874955E-012   1.5487911373502101E-002  0.47565467763130298     
   6.8654045235791771E-012   1.5248332124046403E-002  0.47513791233472613     
   7.2722053164502445E-012   1.5013096342174901E-002  0.47462954441350669     
   7.7031105717040130E-012   1.4782227799913297E-002  0.47412938187645814     
   8.1595485685300383E-012   1.4555739641550578E-002  0.47363722861458046     
   8.6430322169804471E-012   1.4333634698773136E-002  0.47315288598216748     
   9.1551640726638689E-012   1.4115905939300710E-002  0.47267615417709336     
   9.6976416485784691E-012   1.3902536991019893E-002  0.47220683341908481     
   1.0272263041691177E-011   1.3693502763938423E-002  0.47174472495216746     
   1.0880932892912378E-011   1.3488770059082856E-002  0.47128963186366774     
   1.1525668700221517E-011   1.3288298207292049E-002  0.47084135975128649     
   1.2208607505868933E-011   1.3092039687977123E-002  0.47039971725159713     
   1.2932012979819061E-011   1.2899940715783320E-002  0.46996451644619786     
   1.3698282922914402E-011   1.2711941782732153E-002  0.46953557316599009     
   1.4509957214629532E-011   1.2527978146825654E-002  0.46911270721337955     
   1.5369726231759394E-011   1.2347980259445480E-002  0.46869574251756196     
   1.6280439765946247E-011   1.2171874130646621E-002  0.46828450724621290     
   1.7245116469603010E-011   1.1999581629805019E-002  0.46787883388585078     
   1.8266953861543218E-011   1.1831020724632130E-002  0.46747855930957033     
   1.9349338925481334E-011   1.1666105663456458E-002  0.46708352484742743     
   2.0495859336533997E-011   1.1504747106012526E-002  0.46669357637058412     
   2.1710315352933371E-011   1.1346852214355607E-002  0.46630856440558499     
   2.2996732412368330E-011   1.1192324712516168E-002  0.46592834428473756     
   2.4359374474706472E-011   1.1041064928833177E-002  0.46555277634259712     
   2.5802758155321416E-011   1.0892969835524761E-002  0.46518172616377962     
   2.7331667695872848E-011   1.0747933100116075E-002  0.46481506488568103     
   2.8951170822161107E-011   1.0605845166507257E-002  0.46445266954536535     
   3.0666635541618147E-011   1.0466593382844192E-002  0.46409442349714963     
   3.2483747936113293E-011   1.0330062189965435E-002  0.46374021684638739     
   3.4408531009048108E-011   1.0196133389107243E-002  0.46338994692710533     
   3.6447364649212424E-011   1.0064686499764088E-002  0.46304351878991495     
   3.8607006777573318E-011   9.9355992201228902E-003  0.46270084568671588     
   4.0894615747089324E-011   9.8087479950868736E-003  0.46236184952796855     
   4.3317774069798224E-011   9.6840086947567929E-003  0.46202646129017322     
   4.5884513549821979E-011   9.5612573999068352E-003  0.46169462134776962     
   4.8603341905596658E-011   9.4403712847754544E-003  0.46136627970438343     
   5.1483270969568737E-011   9.3212295829136534E-003  0.46104139610035294     
   5.4533846558827384E-011   9.2037146138999586E-003  0.46071993997477068     
   5.7765180115684635E-011   9.0877128450943881E-003  0.46040189026616662     
   6.1187982223076054E-011   8.9731159575933521E-003  0.46008723504113058     
   6.4813598105874960E-011   8.8598218822843362E-003  0.45977597094625322     
   6.8654045235791768E-011   8.7477357715789270E-003  0.45946810248841363     
   7.2722053164502453E-011   8.6367708713496333E-003  0.45916364115284358     
   7.7031105717040134E-011   8.5268492612520300E-003  0.45886260437919069     
   8.1595485685300377E-011   8.4179024353965778E-003  0.45856501442151626     
   8.6430322169804474E-011   8.3098716989126482E-003  0.45827089712417318     
   9.1551640726638696E-011   8.2027083792251595E-003  0.45798028064253921     
   9.6976416485784688E-011   8.0963738112127797E-003  0.45769319416776560     
   1.0272263041691177E-010   7.9908391441179741E-003  0.45740966666326671     
   1.0880932892912378E-010   7.8860849449941071E-003  0.45712972567491622     
   1.1525668700221514E-010   7.7821006305812818E-003  0.45685339623470317     
   1.2208607505868932E-010   7.6788837490158251E-003  0.45658069989304628     
   1.2932012979819061E-010   7.5764391401329833E-003  0.45631165389563910     
   1.3698282922914400E-010   7.4747780060047172E-003  0.45604627052267488     
   1.4509957214629532E-010   7.3739169247929847E-003  0.45578455659622202     
   1.5369726231759393E-010   7.2738768401487989E-003  0.45552651315734916     
   1.6280439765946245E-010   7.1746820575663926E-003  0.45527213530339405     
   1.7245116469603008E-010   7.0763592734222865E-003  0.45502141217880276     
   1.8266953861543220E-010   6.9789366611931209E-003  0.45477432709922616     
   1.9349338925481333E-010   6.8824430323895149E-003  0.45453085779186980     
   2.0495859336533997E-010   6.7869070857636245E-003  0.45429097673145413     
   2.1710315352933369E-010   6.6923567533220965E-003  0.45405465155025759     
   2.2996732412368332E-010   6.5988186471407917E-003  0.45382184550190419     
   2.4359374474706473E-010   6.5063176071156548E-003  0.45359251795902955     
   2.5802758155321421E-010   6.4148763466067528E-003  0.45336662492752650     
   2.7331667695872850E-010   6.3245151895520340E-003  0.45314411956232031     
   2.8951170822161109E-010   6.2352518920570739E-003  0.45292495267143845     
   3.0666635541618148E-010   6.1471015390011314E-003  0.45270907319831716     
   3.2483747936113293E-010   6.0600765060872322E-003  0.45249642867442286     
   3.4408531009048104E-010   5.9741864774558086E-003  0.45228696563683546     
   3.6447364649212421E-010   5.8894385091961690E-003  0.45208063000704568     
   3.8607006777573319E-010   5.8058371296362387E-003  0.45187736742924500     
   4.0894615747089329E-010   5.7233844674483185E-003  0.45167712356785300     
   4.3317774069798225E-010   5.6420804016114184E-003  0.45147984436472299     
   4.5884513549821974E-010   5.5619227239176788E-003  0.45128547625840038     
   4.8603341905596664E-010   5.4829073106477492E-003  0.45109396636696591     
   5.1483270969568723E-010   5.4050282974889468E-003  0.45090526263804581     
   5.4533846558827378E-010   5.3282782539694424E-003  0.45071931396832038     
   5.7765180115684633E-010   5.2526483542618511E-003  0.45053607029615794     
   6.1187982223076051E-010   5.1781285419220434E-003  0.45035548267045689     
   6.4813598105874960E-010   5.1047076867470047E-003  0.45017750329842576     
   6.8654045235791786E-010   5.0323737324837600E-003  0.45000208557564497     
   7.2722053164502440E-010   4.9611138345659958E-003  0.44982918410085759     
   7.7031105717040131E-010   4.8909144874283248E-003  0.44965875467784161     
   8.1595485685300377E-010   4.8217616412602150E-003  0.44949075430703389     
   8.6430322169804471E-010   4.7536408082856701E-003  0.44932514116828171     
   9.1551640726638686E-010   4.6865371588938071E-003  0.44916187459717150     
   9.6976416485784716E-010   4.6204356076599206E-003  0.44900091505539952     
   1.0272263041691177E-009   4.5553208908798454E-003  0.44884222409849478     
   1.0880932892912378E-009   4.4911776344836504E-003  0.44868576433929552     
   1.1525668700221515E-009   4.4279904143775927E-003  0.44853149941026615     
   1.2208607505868930E-009   4.3657438091982493E-003  0.44837939392471288     
   1.2932012979819060E-009   4.3044224462130175E-003  0.44822941343732114     
   1.3698282922914403E-009   4.2440110409878830E-003  0.44808152440499588     
   1.4509957214629533E-009   4.1844944313994149E-003  0.44793569414803297     
   1.5369726231759393E-009   4.1258576065589065E-003  0.44779189081226695     
   1.6280439765946246E-009   4.0680857311662481E-003  0.44765008333216705     
   1.7245116469603009E-009   4.0111641657880346E-003  0.44751024139536311     
   1.8266953861543218E-009   3.9550784835111104E-003  0.44737233540841398     
   1.9349338925481330E-009   3.8998144833894532E-003  0.44723633646431354     
   2.0495859336533995E-009   3.8453582010587587E-003  0.44710221631115737     
   2.1710315352933365E-009   3.7916959168746308E-003  0.44696994732290840     
   2.2996732412368329E-009   3.7388141617515245E-003  0.44683950247140153     
   2.4359374474706473E-009   3.6866997217517637E-003  0.44671085529933524     
   2.5802758155321420E-009   3.6353396397312437E-003  0.44658397989647569     
   2.7331667695872851E-009   3.5847212169138770E-003  0.44645885087543891     
   2.8951170822161108E-009   3.5348320125700547E-003  0.44633544334991171     
   3.0666635541618150E-009   3.4856598428035911E-003  0.44621373291390370     
   3.2483747936113296E-009   3.4371927784673799E-003  0.44609369562248674     
   3.4408531009048106E-009   3.3894191423440800E-003  0.44597530797350948     
   3.6447364649212423E-009   3.3423275057159071E-003  0.44585854689057691     
   3.8607006777573320E-009   3.2959066844343988E-003  0.44574338970718780     
   4.0894615747089323E-009   3.2501457345798113E-003  0.44562981415170599     
   4.3317774069798217E-009   3.2050339477959688E-003  0.44551779833342225     
   4.5884513549821976E-009   3.1605608463724922E-003  0.44540732072947981     
   4.8603341905596656E-009   3.1167161781341856E-003  0.44529836017251972     
   5.1483270969568729E-009   3.0734899111955235E-003  0.44519089583931742     
   5.4533846558827384E-009   3.0308722286213003E-003  0.44508490723981958     
   5.7765180115684621E-009   2.9888535230406187E-003  0.44498037420725106     
   6.1187982223076047E-009   2.9474243912398492E-003  0.44487727688841611     
   6.4813598105874949E-009   2.9065756287713685E-003  0.44477559573493780     
   6.8654045235791776E-009   2.8662982245964410E-003  0.44467531149473477     
   7.2722053164502449E-009   2.8265833557869764E-003  0.44457640520422043     
   7.7031105717040125E-009   2.7874223823009612E-003  0.44447885818081906     
   8.1595485685300393E-009   2.7488068418467272E-003  0.44438265201595339     
   8.6430322169804484E-009   2.7107284448464673E-003  0.44428776856844715     
   9.1551640726638688E-009   2.6731790695094211E-003  0.44419418995819365     
   9.6976416485784712E-009   2.6361507570207164E-003  0.44410189856027826     
   1.0272263041691177E-008   2.5996357068532607E-003  0.44401087699932523     
   1.0880932892912376E-008   2.5636262722036388E-003  0.44392110814414759     
   1.1525668700221516E-008   2.5281149555579068E-003  0.44383257510272484     
   1.2208607505868933E-008   2.4930944043869735E-003  0.44374526121730967     
   1.2932012979819060E-008   2.4585574069729676E-003  0.44365915005983653     
   1.3698282922914402E-008   2.4244968883663171E-003  0.44357422542757086     
   1.4509957214629535E-008   2.3909059064731539E-003  0.44349047133882241     
   1.5369726231759395E-008   2.3577776482715772E-003  0.44340787202903775     
   1.6280439765946244E-008   2.3251054261541402E-003  0.44332641194682348     
   1.7245116469603011E-008   2.2928826743959367E-003  0.44324607575028713     
   1.8266953861543219E-008   2.2611029457457171E-003  0.44316684830359232     
   1.9349338925481309E-008   2.2297599081343399E-003  0.44308871467330141     
   2.0495859336533994E-008   2.1988473415025726E-003  0.44301166012529797     
   2.1710315352933369E-008   2.1683591347406365E-003  0.44293567012144186     
   2.2996732412368353E-008   2.1382892827395100E-003  0.44286073031663103     
   2.4359374474706476E-008   2.1086318835483232E-003  0.44278682655570983     
   2.5802758155321393E-008   2.0793811356357274E-003  0.44271394487059074     
   2.7331667695872850E-008   2.0505313352529053E-003  0.44264207147758539     
   2.8951170822161105E-008   2.0220768738914733E-003  0.44257119277447660     
   3.0666635541618184E-008   1.9940122358373434E-003  0.44250129533807769     
   3.2483747936113302E-008   1.9663319958136060E-003  0.44243236592158292     
   3.4408531009048065E-008   1.9390308167107162E-003  0.44236439145202555     
   3.6447364649212418E-008   1.9121034474010588E-003  0.44229735902791112     
   3.8607006777573319E-008   1.8855447206337810E-003  0.44223125591681850     
   4.0894615747089369E-008   1.8593495510071212E-003  0.44216606955301307     
   4.3317774069798227E-008   1.8335129330164306E-003  0.44210178753535490     
   4.5884513549821928E-008   1.8080299391716706E-003  0.44203839762483355     
   4.8603341905596654E-008   1.7828957181862722E-003  0.44197588774264401     
   5.1483270969568729E-008   1.7581054932295510E-003  0.44191424596785711     
   5.4533846558827434E-008   1.7336545602444592E-003  0.44185346053545521     
   5.7765180115684629E-008   1.7095382863245414E-003  0.44179351983429949     
   6.1187982223075993E-008   1.6857521081497522E-003  0.44173441240505557     
   6.4813598105874948E-008   1.6622915304777663E-003  0.44167612693824920     
   6.8654045235791783E-008   1.6391521246888186E-003  0.44161865227236163     
   7.2722053164502521E-008   1.6163295273815678E-003  0.44156197739194897     
   7.7031105717040131E-008   1.5938194390175855E-003  0.44150609142569414     
   8.1595485685300300E-008   1.5716176226131899E-003  0.44145098364469587     
   8.6430322169804474E-008   1.5497199024758375E-003  0.44139664346056151     
   9.1551640726638678E-008   1.5281221629833226E-003  0.44134306042369331     
   9.6976416485784798E-008   1.5068203474041101E-003  0.44129022422154829     
   1.0272263041691177E-007   1.4858104567568415E-003  0.44123812467687779     
   1.0880932892912365E-007   1.4650885487074564E-003  0.44118675174610233     
   1.1525668700221518E-007   1.4446507365021301E-003  0.44113609551756050     
   1.2208607505868933E-007   1.4244931879346826E-003  0.44108614621000475     
   1.2932012979819071E-007   1.4046121243466529E-003  0.44103689417084729     
   1.3698282922914400E-007   1.3850038196588110E-003  0.44098832987469566     
   1.4509957214629519E-007   1.3656645994326792E-003  0.44094044392167342     
   1.5369726231759392E-007   1.3465908399611219E-003  0.44089322703601752     
   1.6280439765946247E-007   1.3277789673858762E-003  0.44084667006446088     
   1.7245116469603024E-007   1.3092254568416244E-003  0.44080076397477802     
   1.8266953861543217E-007   1.2909268316250327E-003  0.44075549985433421     
   1.9349338925481309E-007   1.2728796623883525E-003  0.44071086890862987     
   2.0495859336533996E-007   1.2550805663550993E-003  0.44066686245986775     
   2.1710315352933369E-007   1.2375262065586286E-003  0.44062347194559748     
   2.2996732412368351E-007   1.2202132911014623E-003  0.44058068891736379     
   2.4359374474706469E-007   1.2031385724342999E-003  0.44053850503928105     
   2.5802758155321390E-007   1.1862988466551274E-003  0.44049691208681596     
   2.7331667695872851E-007   1.1696909528261545E-003  0.44045590194542700     
   2.8951170822161109E-007   1.1533117723090884E-003  0.44041546660937170     
   3.0666635541618180E-007   1.1371582281165399E-003  0.44037559818041222     
   3.2483747936113298E-007   1.1212272842802448E-003  0.44033628886663650     
   3.4408531009048073E-007   1.1055159452350461E-003  0.44029753098133056     
   3.6447364649212421E-007   1.0900212552171970E-003  0.44025931694180731     
   3.8607006777573320E-007   1.0747402976772694E-003  0.44022163926826124     
   4.0894615747089368E-007   1.0596701947070792E-003  0.44018449058281472     
   4.3317774069798217E-007   1.0448081064793958E-003  0.44014786360840474     
   4.5884513549821926E-007   1.0301512307004763E-003  0.44011175116784818     
   4.8603341905596652E-007   1.0156968020749466E-003  0.44007614618287572     
   5.1483270969568732E-007   1.0014420917821383E-003  0.44004104167333646     
   5.4533846558827431E-007   9.8738440696366113E-004  0.44000643075623164     
   5.7765180115684621E-007   9.7352109022219428E-004  0.43997230664503817     
   6.1187982223075982E-007   9.5984951913030334E-004  0.43993866264901810     
   6.4813598105874963E-007   9.4636710574952680E-004  0.43990549217255609     
   6.8654045235791780E-007   9.3307129615888555E-004  0.43987278871453728     
   7.2722053164502527E-007   9.1995956999321152E-004  0.43984054586800914     
   7.7031105717040137E-007   9.0702943999007265E-004  0.43980875731967783     
   8.1595485685300308E-007   8.9427845154579401E-004  0.43977741684972760     
   8.6430322169804479E-007   8.8170418227937971E-004  0.43974651833158684     
   9.1551640726638686E-007   8.6930424160529642E-004  0.43971605573194711     
   9.6976416485784812E-007   8.5707627031364844E-004  0.43968602311081401     
   1.0272263041691178E-006   8.4501794015818220E-004  0.43965641462179511     
   1.0880932892912365E-006   8.3312695345206448E-004  0.43962722451257213     
   1.1525668700221515E-006   8.2140104267034212E-004  0.43959844712541341     
   1.2208607505868932E-006   8.0983797005994859E-004  0.43957007689813044     
   1.2932012979819074E-006   7.9843552725646972E-004  0.43954210836508539     
   1.3698282922914402E-006   7.8719153490748172E-004  0.43951453615851571     
   1.4509957214629518E-006   7.7610384230280562E-004  0.43948735501024094     
   1.5369726231759393E-006   7.6517032701087229E-004  0.43946055975355763     
   1.6280439765946245E-006   7.5438889452164387E-004  0.43943414532559233     
   1.7245116469603025E-006   7.4375747789581336E-004  0.43940810677010744     
   1.8266953861543216E-006   7.3327403741989879E-004  0.43938243924063014     
   1.9349338925481311E-006   7.2293656026766785E-004  0.43935713800424314     
   2.0495859336534007E-006   7.1274306016751350E-004  0.43933219844582794     
   2.1710315352933358E-006   7.0269157707578112E-004  0.43930761607311369     
   2.2996732412368351E-006   6.9278017685617493E-004  0.43928338652227433     
   2.4359374474706473E-006   6.8300695096478869E-004  0.43925950556442850     
   2.5802758155321388E-006   6.7337001614163952E-004  0.43923596911312340     
   2.7331667695872860E-006   6.6386751410762383E-004  0.43921277323262303     
   2.8951170822161090E-006   6.5449761126810219E-004  0.43918991414761810     
   3.0666635541618180E-006   6.4525849842215122E-004  0.43916738825399121     
   3.2483747936113296E-006   6.3614839047819623E-004  0.43914519213106695     
   3.4408531009048074E-006   6.2716552617607889E-004  0.43912332255557707     
   3.6447364649212438E-006   6.1830816781563674E-004  0.43910177651734905     
   3.8607006777573296E-006   6.0957460099193405E-004  0.43908055123698414     
   4.0894615747089371E-006   6.0096313433700228E-004  0.43905964418582272     
   4.3317774069798225E-006   5.9247209926969406E-004  0.43903905310861374     
   4.5884513549821929E-006   5.8409984975196642E-004  0.43901877604873535     
   4.8603341905596681E-006   5.7584476205335136E-004  0.43899881137684460     
   5.1483270969568698E-006   5.6770523452377470E-004  0.43897915782312852     
   5.4533846558827439E-006   5.5967968737444360E-004  0.43895981451333821     
   5.7765180115684623E-006   5.5176656246829186E-004  0.43894078100972139     
   6.1187982223075986E-006   5.4396432311954455E-004  0.43892205735659429     
   6.4813598105874995E-006   5.3627145390379644E-004  0.43890364413196048     
   6.8654045235791740E-006   5.2868646047872449E-004  0.43888554250526812     
   7.2722053164502537E-006   5.2120786941657073E-004  0.43886775430244723     
   7.7031105717040135E-006   5.1383422804902640E-004  0.43885028207892712     
   8.1595485685300304E-006   5.0656410432539125E-004  0.43883312920162770     
   8.6430322169804517E-006   4.9939608668552436E-004  0.43881629994113203     
   9.1551640726638631E-006   4.9232878394786408E-004  0.43879979957503318     
   9.6976416485784799E-006   4.8536082521493675E-004  0.43878363450423791     
   1.0272263041691177E-005   4.7849085979687598E-004  0.43876781238330220     
   1.0880932892912367E-005   4.7171755715498851E-004  0.43875234226686682     
   1.1525668700221520E-005   4.6503960686709102E-004  0.43873723477414267     
   1.2208607505868924E-005   4.5845571861651436E-004  0.43872250227333143     
   1.2932012979819072E-005   4.5196462220706447E-004  0.43870815908889393     
   1.3698282922914400E-005   4.4556506760632362E-004  0.43869422173400791     
   1.4509957214629518E-005   4.3925582501994445E-004  0.43868070917162733     
   1.5369726231759399E-005   4.3303568500011356E-004  0.43866764310746142     
   1.6280439765946237E-005   4.2690345859109898E-004  0.43865504831874597     
   1.7245116469603027E-005   4.2085797751623371E-004  0.43864295302340217     
   1.8266953861543219E-005   4.1489809440958900E-004  0.43863138929420137     
   1.9349338925481315E-005   4.0902268309769054E-004  0.43862039352383703     
   2.0495859336534006E-005   4.0323063893556925E-004  0.43861000694667701     
   2.1710315352933359E-005   3.9752087920327101E-004  0.43860027622455533     
   2.2996732412368345E-005   3.9189234356874937E-004  0.43859125410429017     
   2.4359374474706474E-005   3.8634399462398879E-004  0.43858300015561413     
   2.5802758155321399E-005   3.8087481850199113E-004  0.43857558159946342     
   2.7331667695872865E-005   3.7548382558337393E-004  0.43856907423804581     
   2.8951170822161091E-005   3.7017005130134529E-004  0.43856356349848402     
   3.0666635541618167E-005   3.6493255705618373E-004  0.43855914560474296     
   3.2483747936113299E-005   3.5977043125041383E-004  0.43855592889324907     
   3.4408531009048080E-005   3.5468279045772048E-004  0.43855403529001535     
   3.6447364649212435E-005   3.4966878073993313E-004  0.43855360196917814     
   3.8607006777573299E-005   3.4472757912821302E-004  0.43855478321550745     
   4.0894615747089362E-005   3.3985839528621019E-004  0.43855775251603735     
   4.3317774069798221E-005   3.3506047337511936E-004  0.43856270490936267     
   4.5884513549821940E-005   3.3033309414293513E-004  0.43856985962448175     
   4.8603341905596678E-005   3.2567557726282743E-004  0.43857946304566409     
   5.1483270969568704E-005   3.2108728394832548E-004  0.43859179204350696     
   5.4533846558827421E-005   3.1656761987690460E-004  0.43860715771879183     
   5.7765180115684622E-005   3.1211603845656744E-004  0.43862590961053388     
   6.1187982223075995E-005   3.0773204447530746E-004  0.43864844042705231     
   6.4813598105874971E-005   3.0341519817750373E-004  0.43867519136638605     
   6.8654045235791753E-005   2.9916511981761541E-004  0.43870665810108644     
   7.2722053164502503E-005   2.9498149474760702E-004  0.43874339751223063     
   7.7031105717040131E-005   2.9086407910262842E-004  0.43878603526946525     
   8.1595485685300321E-005   2.8681270615741488E-004  0.43883527436608749     
   8.6430322169804517E-005   2.8282729343726199E-004  0.43889190473429707     
   9.1551640726638648E-005   2.7890785067751254E-004  0.43895681408172704     
   9.6976416485784785E-005   2.7505448874137506E-004  0.43903100011186547     
   1.0272263041691177E-004   2.7126742962003096E-004  0.43911558431235104     
   1.0880932892912368E-004   2.6754701765992222E-004  0.43921182752363719     
   1.1525668700221520E-004   2.6389373218362885E-004  0.43932114753036255     
   1.2208607505868928E-004   2.6030820169819070E-004  0.43944513895506671     
   1.2932012979819068E-004   2.5679121991684957E-004  0.43958559577640288     
   1.3698282922914405E-004   2.5334376385889785E-004  0.43974453684408582     
   1.4509957214629523E-004   2.4996701433877553E-004  0.43992423482292120     
   1.5369726231759400E-004   2.4666237921213872E-004  0.44012724906796091     
   1.6280439765946239E-004   2.4343151981543848E-004  0.44035646301805581     
   1.7245116469603020E-004   2.4027638111881588E-004  0.44061512679432002     
   1.8266953861543217E-004   2.3719922621631194E-004  0.44090690581288311     
   100000000000000000000.0   0.000000000000000000000  0.00000000000000000
