   4.6088635140462890E+024   5800000.0000000000       0.32483731751299549     
   5.7967562106072050E-016   1.7854784212099564E-004  0.90279108027284172     
   6.1402356100302709E-016   1.8702998245044165E-004  0.90279085754675203     
   6.5040674433907867E-016   1.9612717244623076E-004  0.90279065389744328     
   6.8894576682160206E-016   2.0587022105346013E-004  0.90279046681261865     
   7.2976836995090654E-016   2.1629196691617337E-004  0.90279029397539168     
   7.7300986438705630E-016   2.2742740133991108E-004  0.90279013324023261     
   8.1881357845078085E-016   2.3931380010258158E-004  0.90278998260948995     
   8.6733133319973302E-016   2.5199085481940895E-004  0.90278984021132636     
   9.1872394565480242E-016   2.6550081791111021E-004  0.90278970427849936     
   9.7316176184442750E-016   2.7988864578583816E-004  0.90278957312790198     
   1.0308252214338041E-015   2.9520215911254031E-004  0.90278944514140902     
   1.0919054558104617E-015   3.1149220265330599E-004  0.90278931874613266     
   1.1566049216086333E-015   3.2881282005181903E-004  0.90278919239655964     
   1.2251380717723320E-015   3.4722143600352152E-004  0.90278906455570307     
   1.2977320663813646E-015   3.6677904853333384E-004  0.90278893367678226     
   1.3746275255964821E-015   3.8755043305681655E-004  0.90278879818489155     
   1.4560793272193137E-015   4.0960435908675674E-004  0.90278865645803230     
   1.5423574515106936E-015   4.3301381745525192E-004  0.90278850680773115     
   1.6337478760676534E-015   4.5785626353611738E-004  0.90278834745876957     
   1.7305535237251468E-015   4.8421387235870420E-004  0.90278817652819776     
   1.8330952666245472E-015   5.1217381070001503E-004  0.90278799200281423     
   1.9417129897769090E-015   5.4182852459248474E-004  0.90278779171494550     
   2.0567667176463151E-015   5.7327604348257524E-004  0.90278757331710890     
   2.1786378074875260E-015   6.0662030324191681E-004  0.90278733425381941     
   2.3077302133932450E-015   6.4197148719733312E-004  0.90278707173148032     
   2.4444718252409762E-015   6.7944638844688067E-004  0.90278678268521784     
   2.5893158869774329E-015   7.1916879297739410E-004  0.90278646374249871     
   2.7427424989415731E-015   7.6126988538175887E-004  0.90278611118341179     
   2.9052602092059296E-015   8.0588867859929638E-004  0.90278572089650466     
   3.0774076992107333E-015   8.5317246878474705E-004  0.90278528833017513     
   3.2597555692782415E-015   9.0327731688101304E-004  0.90278480843888920     
   3.4529082299253949E-015   9.5636855882367210E-004  0.90278427562328556     
   3.6575059052437806E-015   1.0126213446792151E-003  0.90278368366423811     
   3.8742267549874102E-015   1.0722212102897461E-003  0.90278302564889290     
   4.1037891224019368E-015   1.1353646814017751E-003  0.90278229388902742     
   4.3469539152462929E-015   1.2022599133703928E-003  0.90278147982987145     
   4.6045271278986406E-015   1.2731273677184434E-003  0.90278057394884470     
   4.8773625129065016E-015   1.3482005278067687E-003  0.90277956564236250     
   5.1663644108362791E-015   1.4277266563552180E-003  0.90277844310033850     
   5.4724907478017016E-015   1.5119675957436744E-003  0.90277719316613070     
   5.7967562106072042E-015   1.6012006147664954E-003  0.90277580117986223     
   6.1402356100302715E-015   1.6957193040036409E-003  0.90277425080492368     
   6.5040674433907865E-015   1.7958345220221803E-003  0.90277252383337181     
   6.8894576682160204E-015   1.9018753952993643E-003  0.90277059996989517     
   7.2976836995090651E-015   2.0141903751803385E-003  0.90276845659018679     
   7.7300986438705636E-015   2.1331483543247376E-003  0.90276606847207619     
   8.1881357845078089E-015   2.2591398458972458E-003  0.90276340749551398     
   8.6733133319973302E-015   2.3925782288416221E-003  0.90276044230775121     
   9.1872394565480250E-015   2.5339010624626222E-003  0.90275713795040324     
   9.7316176184442738E-015   2.6835714737350907E-003  0.90275345544317009     
   1.0308252214338041E-014   2.8420796210881210E-003  0.90274935132001943     
   1.0919054558104616E-014   3.0099442379449698E-003  0.90274477711175416     
   1.1566049216086333E-014   3.1877142603519136E-003  0.90273967876896477     
   1.2251380717723320E-014   3.3759705417840328E-003  0.90273399601899340     
   1.2977320663813644E-014   3.5753276595805262E-003  0.90272766164875917     
   1.3746275255964820E-014   3.7864358164903422E-003  0.90272060070539772     
   1.4560793272193138E-014   4.0099828414227523E-003  0.90271272960542104     
   1.5423574515106938E-014   4.2466962929984652E-003  0.90270395514148394     
   1.6337478760676533E-014   4.4973456699376364E-003  0.90269417337613944     
   1.7305535237251467E-014   4.7627447313296611E-003  0.90268326840890156     
   1.8330952666245473E-014   5.0437539305935170E-003  0.90267111100314990     
   1.9417129897769089E-014   5.3412829659551337E-003  0.90265755705690087     
   2.0567667176463147E-014   5.6562934498247666E-003  0.90264244590031195     
   2.1786378074875260E-014   5.9898016996985746E-003  0.90262559840011458     
   2.3077302133932452E-014   6.3428816513709067E-003  0.90260681485118643     
   2.4444718252409764E-014   6.7166678956962220E-003  0.90258587263085199     
   2.5893158869774330E-014   7.1123588380730242E-003  0.90256252359074574     
   2.7427424989415730E-014   7.5312199793712070E-003  0.90253649115785473     
   2.9052602092059302E-014   7.9745873152101843E-003  0.90250746711478402     
   3.0774076992107335E-014   8.4438708489357195E-003  0.90247510802388708     
   3.2597555692782411E-014   8.9405582115764104E-003  0.90243903126047675     
   3.4529082299253943E-014   9.4662183798762869E-003  0.90239881061303151     
   3.6575059052437806E-014   1.0022505480371027E-002  0.90235397140786822     
   3.8742267549874102E-014   1.0611162665012401E-002  0.90230398511050680     
   4.1037891224019371E-014   1.1234026039370459E-002  0.90224826335247632     
   4.3469539152462930E-014   1.1893028621235721E-002  0.90218615132848834     
   4.6045271278986398E-014   1.2590204301762080E-002  0.90211692050340853     
   4.8773625129065009E-014   1.3327691776918942E-002  0.90203976056670487     
   5.1663644108362785E-014   1.4107738410198651E-002  0.90195377056347692     
   5.4724907478017018E-014   1.4932703981138275E-002  0.90185794913012729     
   5.7967562106072044E-014   1.5805064266246737E-002  0.90175118375536822     
   6.1402356100302718E-014   1.6727414390154696E-002  0.90163223898275380     
   6.5040674433907865E-014   1.7702471874583587E-002  0.90149974346483219     
   6.8894576682160217E-014   1.8733079301107434E-002  0.90135217577401960     
   7.2976836995090651E-014   1.9822206489708005E-002  0.90118784886843806     
   7.7300986438705626E-014   2.0972952079244853E-002  0.90100489310553689     
   8.1881357845078089E-014   2.2188544376466213E-002  0.90080123769022402     
   8.6733133319973290E-014   2.3472341317364517E-002  0.90057459043897559     
   9.1872394565480238E-014   2.4827829357135848E-002  0.90032241573856908     
   9.7316176184442738E-014   2.6258621072271594E-002  0.90004191057615179     
   1.0308252214338041E-013   2.7768451219771336E-002  0.89972997852111636     
   1.0919054558104616E-013   2.9361170953233439E-002  0.89938320154818241     
   1.1566049216086335E-013   3.1040739844191773E-002  0.89899780960809206     
   1.2251380717723322E-013   3.2811215299114009E-002  0.89856964788145111     
   1.2977320663813645E-013   3.4676738899560404E-002  0.89809414169139323     
   1.3746275255964820E-013   3.6641519126262179E-002  0.89756625911315602     
   1.4560793272193139E-013   3.8709809859652097E-002  0.89698047139235326     
   1.5423574515106935E-013   4.0885883982730929E-002  0.89633071138803777     
   1.6337478760676535E-013   4.3174001350020731E-002  0.89561033037893778     
   1.7305535237251469E-013   4.5578370332615650E-002  0.89481205372181916     
   1.8330952666245472E-013   4.8103102108051743E-002  0.89392793602845810     
   1.9417129897769086E-013   5.0752156838812713E-002  0.89294931673407674     
   2.0567667176463148E-013   5.3529280879787804E-002  0.89186677716363838     
   2.1786378074875261E-013   5.6437934178685645E-002  0.89067010046947392     
   2.3077302133932448E-013   5.9481207090496868E-002  0.88934823610740454     
   2.4444718252409763E-013   6.2661725926631467E-002  0.88788927084566527     
   2.5893158869774334E-013   6.5981546711318534E-002  0.88628040865172641     
   2.7427424989415731E-013   6.9442036834539228E-002  0.88450796217862337     
   2.9052602092059301E-013   7.3043744586083550E-002  0.88255735895657006     
   3.0774076992107333E-013   7.6786256944777767E-002  0.88041316578143924     
   3.2597555692782418E-013   8.0668046494235396E-002  0.87805913514717815     
   3.4529082299253944E-013   8.4686308955929310E-002  0.87547827787242738     
   3.6575059052437807E-013   8.8836793580297391E-002  0.87265296627507316     
   3.8742267549874100E-013   9.3113629518836560E-002  0.86956507231039959     
   4.1037891224019369E-013   9.7509152307489882E-002  0.86619614494127839     
   4.3469539152462927E-013  0.10201373570209465       0.86252763059994786     
   4.6045271278986397E-013  0.10661563528076630       0.85854113984681546     
   4.8773625129065011E-013  0.11130085140649131       0.85421876218052617     
   5.1663644108362790E-013  0.11605302024162455       0.84954342933521465     
   5.4724907478017018E-013  0.12085334241808320       0.84449932528947735     
   5.7967562106072046E-013  0.12568055956138549       0.83907233859099539     
   6.1402356100302703E-013  0.13051098900030950       0.83325054952245448     
   6.5040674433907870E-013  0.13531862651223639       0.82702474118316049     
   6.8894576682160217E-013  0.14007532572023579       0.82038891991723950     
   7.2976836995090651E-013  0.14475106065817891       0.81334082690926335     
   7.7300986438705624E-013  0.14931427500148822       0.80588241951235051     
   8.1881357845078089E-013  0.15373231754886263       0.79802029832820742     
   8.6733133319973302E-013  0.15797195885967732       0.78976605461815463     
   9.1872394565480248E-013  0.16199997874486077       0.78113651266144091     
   9.7316176184442713E-013  0.16578380893227648       0.77215384350053662     
   1.0308252214338041E-012  0.16929221013094184       0.76284553030354330     
   1.0919054558104615E-012  0.17249595841429172       0.75324417134217714     
   1.1566049216086334E-012  0.17536851284000501       0.74338711411461844     
   1.2251380717723318E-012  0.17788663496829912       0.73331592300896287     
   1.2977320663813644E-012  0.18003093173680249       0.72307569245628067     
   1.3746275255964824E-012  0.18178629610644462       0.71271422697486209     
   1.4560793272193139E-012  0.18314222487965984       0.70228111800198356     
   1.5423574515106938E-012  0.18409299974540988       0.69182675413520711     
   1.6337478760676533E-012  0.18463772535240952       0.68140130569631341     
   1.7305535237251468E-012  0.18478022635176153       0.67105372597583435     
   1.8330952666245471E-012  0.18452881313063274       0.66083080998763133     
   1.9417129897769046E-012  0.18389593269394458       0.65077634726295486     
   2.0567667176463192E-012  0.18289772629347728       0.64093039861245404     
   2.1786378074875259E-012  0.18155351861638211       0.63132871856600570     
   2.3077302133932448E-012  0.17988526452903136       0.62200233615852607     
   2.4444718252409768E-012  0.17791697864685088       0.61297729766149534     
   2.5893158869774276E-012  0.17567417067731939       0.60427456648296551     
   2.7427424989415787E-012  0.17318330598571341       0.59591006832907645     
   2.9052602092059299E-012  0.17047130664106169       0.58789486420467429     
   3.0774076992107334E-012  0.16756510377362299       0.58023543009541256     
   3.2597555692782412E-012  0.16449124781294849       0.57293402020153184     
   3.4529082299253870E-012  0.16127557937318271       0.56598909022422383     
   3.6575059052437878E-012  0.15794296039966643       0.55939575817834009     
   3.8742267549874103E-012  0.15451706276957997       0.55314628220701356     
   4.1037891224019377E-012  0.15102020984643891       0.54723053757837981     
   4.3469539152462926E-012  0.14747326545301967       0.54163647814388882     
   4.6045271278986298E-012  0.14389556424401481       0.53635057076660120     
   4.8773625129065108E-012  0.14030487740146561       0.53135819436948284     
   5.1663644108362784E-012  0.13671740782180755       0.52664399815132912     
   5.4724907478017028E-012  0.13314780940222901       0.52219221606518873     
   5.7967562106072046E-012  0.12960922557631060       0.51798693679423857     
   6.1402356100302592E-012  0.12611334282840364       0.51401233017391701     
   6.5040674433907994E-012  0.12267045548605551       0.51025283230970109     
   6.8894576682160215E-012  0.11928953862213772       0.50669329255932605     
   7.2976836995090657E-012  0.11597832637953731       0.50331908613373433     
   7.7300986438705634E-012  0.11274339345689689       0.50011619637608651     
   8.1881357845077919E-012  0.10959023786580852       0.49707127085839914     
   8.6733133319973500E-012  0.10652336339383434       0.49417165534290747     
   9.1872394565480252E-012  0.10354636049002193       0.49140540943893052     
   9.7316176184442745E-012  0.10066198453691390       0.48876130748747576     
   1.0308252214338042E-011   9.7872230691157885E-002  0.48622882785923122     
   1.0919054558104596E-011   9.5178404668824851E-002  0.48379813348476408     
   1.1566049216086357E-011   9.2581189024648083E-002  0.48146004606918757     
   1.2251380717723319E-011   9.0080704630291580E-002  0.47920601609185609     
   1.2977320663813643E-011   8.7676567196885366E-002  0.47702809036431615     
   1.3746275255964820E-011   8.5367938814308320E-002  0.47491887862180904     
   1.4560793272193110E-011   8.3153574594119178E-002  0.47287152035733149     
   1.5423574515106970E-011   8.1031864607182383E-002  0.47087965287063704     
   1.6337478760676535E-011   7.9000871400502465E-002  0.46893738129679241     
   1.7305535237251469E-011   7.7058363462041604E-002  0.46703925119410122     
   1.8330952666245470E-011   7.5201845076283913E-002  0.46518022410642906     
   1.9417129897769049E-011   7.3428583077679063E-002  0.46335565636486137     
   2.0567667176463190E-011   7.1735631061254176E-002  0.46156128125374446     
   2.1786378074875261E-011   7.0119851649216206E-002  0.45979319453348183     
   2.3077302133932451E-011   6.8577937435322422E-002  0.45804784318338598     
   2.4444718252409764E-011   6.7106431233512204E-002  0.45632201710266734     
   2.5893158869774276E-011   6.5701746239338721E-002  0.45461284338520780     
   2.7427424989415784E-011   6.4360186670116795E-002  0.45291778266793503     
   2.9052602092059298E-011   6.3077969379016441E-002  0.45123462694651761     
   3.0774076992107335E-011   6.1851246839163466E-002  0.44956149816216595     
   3.2597555692782420E-011   6.0676131766248788E-002  0.44789684679655134     
   3.4529082299253870E-011   5.9548723495643857E-002  0.44623944967575496     
   3.6575059052437883E-011   5.8465136057995123E-002  0.44458840618591899     
   3.8742267549874099E-011   5.7421527714866950E-002  0.44294313214936293     
   4.1037891224019372E-011   5.6414131533930177E-002  0.44130335070211402     
   4.3469539152462924E-011   5.5439286415206943E-002  0.43966907965355673     
   4.6045271278986303E-011   5.4493467839209574E-002  0.43804061498915037     
   4.8773625129065116E-011   5.3573317508229405E-002  0.43641851039094243     
   5.1663644108362789E-011   5.2675671003737538E-002  0.43480355288186057     
   5.4724907478017021E-011   5.1797582593201941E-002  0.43319673493398958     
   5.7967562106072048E-011   5.0936346389971528E-002  0.43159922359828312     
   6.1402356100302595E-011   5.0089513196587027E-002  0.43001232739741474     
   6.5040674433907998E-011   4.9254902535154792E-002  0.42843746185802351     
   6.8894576682160224E-011   4.8430609574237810E-002  0.42687611463523584     
   7.2976836995090650E-011   4.7615006882888403E-002  0.42532981119435465     
   7.7300986438705624E-011   4.6806741160462517E-002  0.42380008196541102     
   8.1881357845077913E-011   4.6004725289093738E-002  0.42228843178293357     
   8.6733133319973494E-011   4.5208126219718821E-002  0.42079631227784681     
   9.1872394565480235E-011   4.4416349323200814E-002  0.41932509771731769     
   9.7316176184442738E-011   4.3629019910840637E-002  0.41787606460651688     
   1.0308252214338043E-010   4.2845962654312911E-002  0.41645037519011585     
   1.0919054558104594E-010   4.2067179618899747E-002  0.41504906483234144     
   1.1566049216086358E-010   4.1292827574052851E-002  0.41367303312165904     
   1.2251380717723320E-010   4.0523195171838333E-002  0.41232303844510482     
   1.2977320663813646E-010   3.9758680496625225E-002  0.41099969570685763     
   1.3746275255964819E-010   3.8999769397815111E-002  0.40970347682584568     
   1.4560793272193108E-010   3.8247014928651062E-002  0.40843471363138439     
   1.5423574515106970E-010   3.7501018133318319E-002  0.40719360277962491     
   1.6337478760676534E-010   3.6762410354352390E-002  0.40598021233055315     
   1.7305535237251471E-010   3.6031837173779231E-002  0.40479448965002091     
   1.8330952666245474E-010   3.5309944053653994E-002  0.40363627033011357     
   1.9417129897769049E-010   3.4597363703133120E-002  0.40250528785003625     
   2.0567667176463193E-010   3.3894705168133261E-002  0.40140118372812711     
   2.1786378074875259E-010   3.3202544613824478E-002  0.40032351794149557     
   2.3077302133932448E-010   3.2521417748378474E-002  0.39927177941423175     
   2.4444718252409766E-010   3.1851813817267489E-002  0.39824539639776502     
   2.5893158869774284E-010   3.1194171080569707E-002  0.39724374658893180     
   2.7427424989415788E-010   3.0548873670944318E-002  0.39626616685243177     
   2.9052602092059301E-010   2.9916249717446171E-002  0.39531196243588135     
   3.0774076992107330E-010   2.9296570610450087E-002  0.39438041558691783     
   3.2597555692782413E-010   2.8690051275899995E-002  0.39347079350262582     
   3.4529082299253875E-010   2.8096851323340177E-002  0.39258235556264032     
   3.6575059052437884E-010   2.7517076931538997E-002  0.39171435981667474     
   3.8742267549874102E-010   2.6950783338119590E-002  0.39086606871557533     
   4.1037891224019373E-010   2.6397977805063699E-002  0.39003675409173832     
   4.3469539152462921E-010   2.5858622939884997E-002  0.38922570140886009     
   4.6045271278986304E-010   2.5332640262173890E-002  0.38843221331321320     
   4.8773625129065111E-010   2.4819913916530854E-002  0.38765561252799480     
   5.1663644108362775E-010   2.4320294445071920E-002  0.38689524413952731     
   5.4724907478017020E-010   2.3833602545177687E-002  0.38615047732880264     
   5.7967562106072052E-010   2.3359632750539022E-002  0.38542070660446609     
   6.1402356100302593E-010   2.2898156985401194E-002  0.38470535259418126     
   6.5040674433908001E-010   2.2448927952984764E-002  0.38400386245062146     
   6.8894576682160219E-010   2.2011682329096626E-002  0.38331570992615382     
   7.2976836995090655E-010   2.1586143740909204E-002  0.38264039516743770     
   7.7300986438705619E-010   2.1172025518608091E-002  0.38197744427763841     
   8.1881357845077923E-010   2.0769033214197350E-002  0.38132640868954115     
   8.6733133319973486E-010   2.0376866887166879E-002  0.38068686438881127     
   9.1872394565480238E-010   1.9995223161132041E-002  0.38005841102226645     
   9.7316176184442723E-010   1.9623797058941361E-002  0.37944067092163836     
   1.0308252214338041E-009   1.9262283626336182E-002  0.37883328806905775     
   1.0919054558104593E-009   1.8910379356072655E-002  0.37823592702710651     
   1.1566049216086354E-009   1.8567783425614801E-002  0.37764827185214644     
   1.2251380717723319E-009   1.8234198762198554E-002  0.37707002500685310     
   1.2977320663813643E-009   1.7909332949318325E-002  0.37650090628458527     
   1.3746275255964821E-009   1.7592898988633962E-002  0.37594065175616803     
   1.4560793272193109E-009   1.7284615930938860E-002  0.37538901274691405     
   1.5423574515106970E-009   1.6984209389320021E-002  0.37484575485008054     
   1.6337478760676534E-009   1.6691411946971477E-002  0.37431065698122057     
   1.7305535237251468E-009   1.6405963471365657E-002  0.37378351047653996     
   1.8330952666245471E-009   1.6127611345679048E-002  0.37326411823704170     
   1.9417129897769046E-009   1.5856110627534139E-002  0.37275229391957942     
   2.0567667176463192E-009   1.5591224144277129E-002  0.37224786117481606     
   2.1786378074875260E-009   1.5332722533195982E-002  0.37175065293170206     
   2.3077302133932452E-009   1.5080384234291410E-002  0.37126051072751648     
   2.4444718252409764E-009   1.4833995442457108E-002  0.37077728408207572     
   2.5893158869774279E-009   1.4593350025218634E-002  0.37030082991455127     
   2.7427424989415785E-009   1.4358249411522144E-002  0.36983101200104135     
   2.9052602092059296E-009   1.4128502456449636E-002  0.36936770047096834     
   3.0774076992107333E-009   1.3903925286172385E-002  0.36891077134014005     
   3.2597555692782413E-009   1.3684341126957916E-002  0.36846010607862584     
   3.4529082299253875E-009   1.3469580121557327E-002  0.36801559121114841     
   3.6575059052437879E-009   1.3259479135897980E-002  0.36757711794805559     
   3.8742267549874094E-009   1.3053881558620081E-002  0.36714458184484788     
   4.1037891224019366E-009   1.2852637095658426E-002  0.36671788248833420     
   4.3469539152462921E-009   1.2655601561762368E-002  0.36629692320751134     
   4.6045271278986302E-009   1.2462636670591002E-002  0.36588161080746806     
   4.8773625129065117E-009   1.2273609824762657E-002  0.36547185532454102     
   5.1663644108362779E-009   1.2088393907042203E-002  0.36506756980118504     
   5.4724907478017016E-009   1.1906867073653776E-002  0.36466867007906362     
   5.7967562106072048E-009   1.1728912550550408E-002  0.36427507460892689     
   6.1402356100302587E-009   1.1554418433310225E-002  0.36388670427587722     
   6.5040674433907995E-009   1.1383277491235666E-002  0.36350348223908174     
   6.8894576682160217E-009   1.1215386976082483E-002  0.36312533378438322     
   7.2976836995090645E-009   1.1050648435783685E-002  0.36275218618908339     
   7.7300986438705631E-009   1.0888967533431531E-002  0.36238396859776245     
   8.1881357845077927E-009   1.0730253871714265E-002  0.36202061190823398     
   8.6733133319973494E-009   1.0574420822949335E-002  0.36166204866685620     
   9.1872394565480238E-009   1.0421385364787202E-002  0.36130821297234900     
   9.7316176184442727E-009   1.0271067921634180E-002  0.36095904038750437     
   1.0308252214338041E-008   1.0123392211785863E-002  0.36061446785794088     
   1.0919054558104593E-008   9.9782851002460596E-003  0.36027443363760214     
   1.1566049216086357E-008   9.8356764571700828E-003  0.35993887722014928     
   1.2251380717723320E-008   9.6954990218476277E-003  0.35960773927587497     
   1.2977320663813645E-008   9.5576882721333037E-003  0.35928096159371958     
   1.3746275255964821E-008   9.4221822992034514E-003  0.35895848702782202     
   1.4560793272193109E-008   9.2889216875156368E-003  0.35864025944834310     
   1.5423574515106970E-008   9.1578493998359864E-003  0.35832622369610345     
   1.6337478760676535E-008   9.0289106671891158E-003  0.35801632554082774     
   1.7305535237251470E-008   8.9020528835842497E-003  0.35771051164255013     
   1.8330952666245453E-008   8.7772255053624772E-003  0.35740872951596486     
   1.9417129897769045E-008   8.6543799550160925E-003  0.35711092749755569     
   2.0567667176463190E-008   8.5334695293219770E-003  0.35681705471514547     
   2.1786378074875283E-008   8.4144493116318931E-003  0.35652706105968501     
   2.3077302133932452E-008   8.2972760881713566E-003  0.35624089715920143     
   2.4444718252409741E-008   8.1819082681895104E-003  0.35595851435453452     
   2.5893158869774279E-008   8.0683058078110971E-003  0.35567986467687157     
   2.7427424989415785E-008   7.9564301374460793E-003  0.35540490082686071     
   2.9052602092059327E-008   7.8462440926068688E-003  0.35513357615517033     
   3.0774076992107337E-008   7.7377118479960106E-003  0.35486584464435478     
   3.2597555692782383E-008   7.6307988547274549E-003  0.35460166089201256     
   3.4529082299253872E-008   7.5254717805432001E-003  0.35434098009493309     
   3.6575059052437881E-008   7.4216984529024525E-003  0.35408375803443132     
   3.8742267549874142E-008   7.3194478048110492E-003  0.35382995106246506     
   4.1037891224019371E-008   7.2186898232745357E-003  0.35357951608869348     
   4.3469539152462887E-008   7.1193955002552788E-003  0.35333241056830939     
   4.6045271278986299E-008   7.0215367860226178E-003  0.35308859249060814     
   4.8773625129065110E-008   6.9250865447837828E-003  0.35284802036816132     
   5.1663644108362835E-008   6.8300185124950787E-003  0.35261065322669066     
   5.4724907478017017E-008   6.7363072567479046E-003  0.35237645059538808     
   5.7967562106071983E-008   6.6439281386380935E-003  0.35214537249787664     
   6.1402356100302588E-008   6.5528572765200140E-003  0.35191737944349782     
   6.5040674433908008E-008   6.4630715115612802E-003  0.35169243241919479     
   6.8894576682160293E-008   6.3745483750086646E-003  0.35147049288164212     
   7.2976836995090660E-008   6.2872660570872799E-003  0.35125152274984145     
   7.7300986438705548E-008   6.2012033774499157E-003  0.35103548439798199     
   8.1881357845077931E-008   6.1163397571077022E-003  0.35082234064871654     
   8.6733133319973478E-008   6.0326551917633930E-003  0.35061205476659901     
   9.1872394565480351E-008   5.9501302264856433E-003  0.35040459045187428     
   9.7316176184442734E-008   5.8687459316530697E-003  0.35019991183444066     
   1.0308252214338029E-007   5.7884838801104069E-003  0.34999798346815014     
   1.0919054558104595E-007   5.7093261254728333E-003  0.34979877032516571     
   1.1566049216086356E-007   5.6312551815242383E-003  0.34960223779062199     
   1.2251380717723333E-007   5.5542540026555474E-003  0.34940835165744893     
   1.2977320663813642E-007   5.4783059652879738E-003  0.34921707812128155     
   1.3746275255964808E-007   5.4033948502357739E-003  0.34902838377564677     
   1.4560793272193109E-007   5.3295048259588739E-003  0.34884223560717353     
   1.5423574515106968E-007   5.2566204326617667E-003  0.34865860099101587     
   1.6337478760676550E-007   5.1847265671946694E-003  0.34847744768634631     
   1.7305535237251470E-007   5.1138084687184287E-003  0.34829874383200066     
   1.8330952666245453E-007   5.0438517050918619E-003  0.34812245794221103     
   1.9417129897769050E-007   4.9748421599463818E-003  0.34794855890242199     
   2.0567667176463191E-007   4.9067660204134209E-003  0.34777701596523991     
   2.1786378074875282E-007   4.8396097654689460E-003  0.34760779874645970     
   2.3077302133932446E-007   4.7733601548646011E-003  0.34744087722111822     
   2.4444718252409739E-007   4.7080042186168685E-003  0.34727622171972361     
   2.5893158869774280E-007   4.6435292470227421E-003  0.34711380292447602     
   2.7427424989415783E-007   4.5799227811758429E-003  0.34695359186558555     
   2.9052602092059327E-007   4.5171726039585436E-003  0.34679555991770300     
   3.0774076992107333E-007   4.4552667314820427E-003  0.34663967879631225     
   3.2597555692782383E-007   4.3941934049552805E-003  0.34648592055431349     
   3.4529082299253871E-007   4.3339410829561168E-003  0.34633425757855885     
   3.6575059052437880E-007   4.2744984340868384E-003  0.34618466258649205     
   3.8742267549874134E-007   4.2158543299934707E-003  0.34603710862288339     
   4.1037891224019369E-007   4.1579978387272171E-003  0.34589156905654628     
   4.3469539152462881E-007   4.1009182184343204E-003  0.34574801757715440     
   4.6045271278986300E-007   4.0446049113531252E-003  0.34560642819214288     
   4.8773625129065110E-007   3.9890475381048566E-003  0.34546677522360680     
   5.1663644108362831E-007   3.9342358922610544E-003  0.34532903330530146     
   5.4724907478017013E-007   3.8801599351739047E-003  0.34519317737968735     
   5.7967562106071988E-007   3.8268097910555011E-003  0.34505918269505853     
   6.1402356100302580E-007   3.7741757422922136E-003  0.34492702480270837     
   6.5040674433908005E-007   3.7222482249822915E-003  0.34479667955417753     
   6.8894576682160288E-007   3.6710178246855026E-003  0.34466812309859085     
   7.2976836995090652E-007   3.6204752723714290E-003  0.34454133188004060     
   7.7300986438705546E-007   3.5706114405582991E-003  0.34441628263504748     
   8.1881357845077920E-007   3.5214173396316164E-003  0.34429295239018015     
   8.6733133319973491E-007   3.4728841143315194E-003  0.34417131845967291     
   9.1872394565480351E-007   3.4250030404018232E-003  0.34405135844321516     
   9.7316176184442742E-007   3.3777655213913143E-003  0.34393305022378756     
   1.0308252214338029E-006   3.3311630855998803E-003  0.34381637196573034     
   1.0919054558104592E-006   3.2851873831609797E-003  0.34370130211283167     
   1.1566049216086358E-006   3.2398301832530503E-003  0.34358781938657851     
   1.2251380717723332E-006   3.1950833714354224E-003  0.34347590278466578     
   1.2977320663813645E-006   3.1509389470989143E-003  0.34336553157952826     
   1.3746275255964808E-006   3.1073890210279228E-003  0.34325668531722170     
   1.4560793272193110E-006   3.0644258130668794E-003  0.34314934381641932     
   1.5423574515106969E-006   3.0220416498853318E-003  0.34304348716764921     
   1.6337478760676550E-006   2.9802289628388635E-003  0.34293909573289816     
   1.7305535237251469E-006   2.9389802859178245E-003  0.34283615014536095     
   1.8330952666245454E-006   2.8982882537825229E-003  0.34273463130964776     
   1.9417129897769058E-006   2.8581455998785482E-003  0.34263452040228720     
   2.0567667176463181E-006   2.8185451546296906E-003  0.34253579887264934     
   2.1786378074875278E-006   2.7794798437040650E-003  0.34243844844434485     
   2.3077302133932450E-006   2.7409426863505412E-003  0.34234245111710954     
   2.4444718252409739E-006   2.7029267938020757E-003  0.34224778916928172     
   2.5893158869774292E-006   2.6654253677429888E-003  0.34215444516084520     
   2.7427424989415773E-006   2.6284316988381879E-003  0.34206240193729476     
   2.9052602092059327E-006   2.5919391653211501E-003  0.34197164263418978     
   3.0774076992107334E-006   2.5559412316386722E-003  0.34188215068261435     
   3.2597555692782382E-006   2.5204314471513533E-003  0.34179390981570756     
   3.4529082299253887E-006   2.4854034448861134E-003  0.34170690407614573     
   3.6575059052437865E-006   2.4508509403419489E-003  0.34162111782506871     
   3.8742267549874138E-006   2.4167677303446379E-003  0.34153653575219528     
   4.1037891224019372E-006   2.3831476919522056E-003  0.34145314288763640     
   4.3469539152462874E-006   2.3499847814078285E-003  0.34137092461537161     
   4.6045271278986329E-006   2.3172730331422701E-003  0.34128986668875760     
   4.8773625129065095E-006   2.2850065588225854E-003  0.34120995524809905     
   5.1663644108362837E-006   2.2531795464493911E-003  0.34113117684084082     
   5.4724907478017016E-006   2.2217862595018964E-003  0.34105351844434734     
   5.7967562106071984E-006   2.1908210361311518E-003  0.34097696749186468     
   6.1402356100302623E-006   2.1602782884027069E-003  0.34090151190191159     
   6.5040674433907963E-006   2.1301525015893145E-003  0.34082714011152920     
   6.8894576682160290E-006   2.1004382335154388E-003  0.34075384111388479     
   7.2976836995090650E-006   2.0711301139553933E-003  0.34068160450075335     
   7.7300986438705552E-006   2.0422228440867048E-003  0.34061042051042750     
   8.1881357845077969E-006   2.0137111960024019E-003  0.34054028008177994     
   8.6733133319973447E-006   1.9855900122839518E-003  0.34047117491519674     
   9.1872394565480336E-006   1.9578542056394128E-003  0.34040309754117815     
   9.7316176184442725E-006   1.9304987586102355E-003  0.34033604139760387     
   1.0308252214338031E-005   1.9035187233515472E-003  0.34027000091666154     
   1.0919054558104601E-005   1.8769092214912086E-003  0.34020497162266655     
   1.1566049216086351E-005   1.8506654440736670E-003  0.34014095024206886     
   1.2251380717723333E-005   1.8247826515948656E-003  0.34007793482709631     
   1.2977320663813644E-005   1.7992561741362965E-003  0.34001592489479271     
   1.3746275255964806E-005   1.7740814116060559E-003  0.33995492158316976     
   1.4560793272193116E-005   1.7492538340971738E-003  0.33989492782679603     
   1.5423574515106961E-005   1.7247689823725902E-003  0.33983594855392241     
   1.6337478760676553E-005   1.7006224684895550E-003  0.33977799090794408     
   1.7305535237251470E-005   1.6768099765764317E-003  0.33972106449617984     
   1.8330952666245457E-005   1.6533272637753865E-003  0.33966518166914489     
   1.9417129897769059E-005   1.6301701613691899E-003  0.33961035783423760     
   2.0567667176463180E-005   1.6073345761082303E-003  0.33955661180790858     
   2.1786378074875278E-005   1.5848164917591347E-003  0.33950396621105622     
   2.3077302133932445E-005   1.5626119708968655E-003  0.33945244791297663     
   2.4444718252409746E-005   1.5407171569648613E-003  0.33940208852972731     
   2.5893158869774294E-005   1.5191282766315634E-003  0.33935292498368019     
   2.7427424989415770E-005   1.4978416424731493E-003  0.33930500013164161     
   2.9052602092059321E-005   1.4768536560169588E-003  0.33925836347003419     
   3.0774076992107331E-005   1.4561608111835149E-003  0.33921307192658140     
   3.2597555692782391E-005   1.4357596981692164E-003  0.33916919074913471     
   3.4529082299253886E-005   1.4156470078165709E-003  0.33912679450357835     
   3.6575059052437861E-005   1.3958195365236905E-003  0.33908596819423636     
   3.8742267549874124E-005   1.3762741917518226E-003  0.33904680852193647     
   4.1037891224019368E-005   1.3570079981951239E-003  0.33900942529672634     
   4.3469539152462896E-005   1.3380181046847132E-003  0.33897394302438572     
   4.6045271278986332E-005   1.3193017919075993E-003  0.33894050268820952     
   4.8773625129065085E-005   1.3008564810303132E-003  0.33890926375051206     
   5.1663644108362827E-005   1.2826797433275526E-003  0.33888040640098066     
   5.4724907478017014E-005   1.2647693109282118E-003  0.33885413408295828     
   5.7967562106071998E-005   1.2471230888044212E-003  0.33883067633223551     
   6.1402356100302612E-005   1.2297391681456518E-003  0.33881029196783286     
   6.5040674433907973E-005   1.2126158412752370E-003  0.33879327267901954     
   6.8894576682160271E-005   1.1957516182893176E-003  0.33877994705884013     
   7.2976836995090655E-005   1.1791452456185001E-003  0.33877068514089465     
   7.7300986438705562E-005   1.1627957267406025E-003  0.33876590350376051     
   8.1881357845077949E-005   1.1467023453015743E-003  0.33876607101602907     
   8.6733133319973453E-005   1.1308646909371763E-003  0.33877171530478167     
   9.1872394565480309E-005   1.1152826881283071E-003  0.33878343004175893     
   9.7316176184442742E-005   1.0999566284691231E-003  0.33880188315453913     
   1.0308252214338033E-004   1.0848872067823919E-003  0.33882782608498235     
   1.0919054558104599E-004   1.0700755615808057E-003  0.33886210423496022     
   1.1566049216086351E-004   1.0555233204473744E-003  0.33890566875926070     
   1.2251380717723327E-004   1.0412326509988356E-003  0.33895958988944491     
   1.2977320663813644E-004   1.0272063182005986E-003  0.33902507199981935     
   1.3746275255964810E-004   1.0134477489289885E-003  0.33910347065909224     
   1.4560793272193115E-004   9.9996110482690991E-004  0.33919631194910488     
   1.5423574515106963E-004   9.8675136468189982E-004  0.33930531437708084     
   1.6337478760676546E-004   9.7382441777451125E-004  0.33943241376106881     
   1.7305535237251466E-004   9.6118716991243206E-004  0.33957979153155055     
