   4.6101501357918015E+024   6002000.0000000000       0.30444659007294783     
   0.000000000000000000000   0.000000000000000000000  0.94649991540794687
   5.7967562106072050E-016   1.1153400457622465E-002  0.94649991540794687     
   6.1402356100302709E-016  -5.4682759896320064E-003  0.93992359240134749     
   6.5040674433907867E-016   9.2442242142388206E-002   1.1239896916084695     
   6.8894576682160206E-016  -1.0550621059986515E-002  0.84031539050473225     
   7.2976836995090654E-016  -7.5605130839159762E-003  0.99811933035712841     
   7.7300986438705630E-016  0.56572845956507234        2.7753557544063141     
   8.1881357845078085E-016   1.8730131251042767E-003   1.0081822162945135     
   8.6733133319973302E-016   3.6883069173634549E-002   1.0195395248440309     
   9.1872394565480242E-016   3.2844342322231861E-003  0.93849418029534459     
   9.7316176184442750E-016   2.1800775966715123E-002   1.1332513231263233     
   1.0308252214338041E-015  -8.5293819100082727E-003   1.0504338166755895     
   1.0919054558104617E-015   7.8547489822474920E-002  0.95694870683913769     
   1.1566049216086333E-015 -0.57355684969220766       0.96413730128314235     
   1.2251380717723320E-015  0.37902226813942153       0.92764616015802281     
   1.2977320663813646E-015  0.20096864750218982       0.94052222807686914     
   1.3746275255964821E-015   1.0844618174505325E-002   1.0612906485792581     
   1.4560793272193137E-015 -0.12434052454257724       0.94174767502568324     
   1.5423574515106936E-015 -0.30662484083076436       0.29653696206407026     
   1.6337478760676534E-015  0.44880423896277372       0.85408082198653679     
   1.7305535237251468E-015 -0.34123257571154841       0.73030372247692033     
   1.8330952666245472E-015  0.70001059411182165       0.67912978115741729     
   1.9417129897769090E-015  -4.7662389822481247E-003   6.4982456012702659E-004
   2.0567667176463151E-015 -0.21375001608276409        3.5574066875953159E-002
   2.1786378074875260E-015 -0.18921177226505800        4.0037260920651123E-002
   2.3077302133932450E-015 -0.28651693359093838       0.18291411413654579     
   2.4444718252409762E-015  0.41647874984739336       0.30175517052672346     
   2.5893158869774329E-015   5.3057190093147050E-002  0.47953182057709892     
   2.7427424989415731E-015 -0.22074541603478703       0.78220895728186035     
   2.9052602092059296E-015   8.2746027832063432E-002  0.60472234097663224     
   3.0774076992107333E-015   1.2246295141604406E-002  0.94472911357592948     
   3.2597555692782415E-015  -3.7690986534686485E-002  0.65748702756436173     
   3.4529082299253949E-015  -2.4143355165994054E-002  0.67409781102194044     
   3.6575059052437806E-015   2.4057845770536265E-002  0.80030934620905880     
   3.8742267549874102E-015   1.7226296326188939E-003  0.77953601284021390     
   4.1037891224019368E-015  -3.8106754888534232E-002  0.73755474142655630     
   4.3469539152462929E-015   3.6802143015159626E-002  0.77486930917394303     
   4.6045271278986406E-015  -2.1892990713083555E-003  0.74975135166630236     
   4.8773625129065016E-015  -2.4576660108627342E-003  0.77658645840746066     
   5.1663644108362791E-015   1.4055497167949622E-003  0.77478948894843547     
   5.4724907478017016E-015   5.5004400557105209E-003  0.76802751735067709     
   5.7967562106072042E-015   3.8263418965605958E-003  0.77041027448823440     
   6.1402356100302715E-015   9.0682444221187224E-004  0.77336770774733843     
   6.5040674433907865E-015   1.4918013430655476E-003  0.77017557684225524     
   6.8894576682160204E-015   1.9611280769306857E-003  0.76856282484536587     
   7.2976836995090651E-015   3.0572989396804046E-004  0.76817448313724379     
   7.7300986438705636E-015   2.2445615908863971E-003  0.76612873892165656     
   8.1881357845078089E-015   1.9787283922162724E-003  0.76718149338398089     
   8.6733133319973302E-015   1.6367784798238378E-003  0.76816659385425179     
   9.1872394565480250E-015   1.9622027042080891E-003  0.76729439014272094     
   9.7316176184442738E-015   2.4023608902774382E-003  0.76752224288974147     
   1.0308252214338041E-014   2.3697184952405212E-003  0.76711470066946419     
   1.0919054558104616E-014   2.4996192725754624E-003  0.76726438858362200     
   1.1566049216086333E-014   2.8262971162804477E-003  0.76744399032353838     
   1.2251380717723320E-014   2.8680071604160989E-003  0.76732790373905024     
   1.2977320663813644E-014   3.1336543011168325E-003  0.76723543057007471     
   1.3746275255964820E-014   3.1951910364769460E-003  0.76726777846004879     
   1.4560793272193138E-014   3.4382305422582119E-003  0.76726814860589099     
   1.5423574515106938E-014   3.5953667220263046E-003  0.76732368319611766     
   1.6337478760676533E-014   3.8059305903880960E-003  0.76730272875775429     
   1.7305535237251467E-014   4.0604903512890993E-003  0.76723207523078785     
   1.8330952666245473E-014   4.3014674837418354E-003  0.76725610023419655     
   1.9417129897769089E-014   4.5557310940304678E-003  0.76723295361364074     
   2.0567667176463147E-014   4.8099809735333539E-003  0.76718804693226350     
   2.1786378074875260E-014   5.0964294974001866E-003  0.76717768516931506     
   2.3077302133932452E-014   5.4033102575487693E-003  0.76713439051061283     
   2.4444718252409764E-014   5.7139224329119404E-003  0.76712055868462237     
   2.5893158869774330E-014   6.0452532415774096E-003  0.76707882085543400     
   2.7427424989415730E-014   6.3988835432906861E-003  0.76703390462407317     
   2.9052602092059302E-014   6.7718211688168536E-003  0.76700718118508393     
   3.0774076992107335E-014   7.1642110358357027E-003  0.76695850878808802     
   3.2597555692782411E-014   7.5791868604869897E-003  0.76690018524596837     
   3.4529082299253943E-014   8.0170095718325920E-003  0.76684812878428776     
   3.6575059052437806E-014   8.4806009477648141E-003  0.76678635101944859     
   3.8742267549874102E-014   8.9676312284974503E-003  0.76671361467068866     
   4.1037891224019371E-014   9.4830768091506649E-003  0.76663963009090974     
   4.3469539152462930E-014   1.0026475065468863E-002  0.76655630831335297     
   4.6045271278986398E-014   1.0599723704477478E-002  0.76646297171267441     
   4.8773625129065009E-014   1.1203607647619884E-002  0.76636142095505222     
   5.1663644108362785E-014   1.1840661578638004E-002  0.76624899549582337     
   5.4724907478017018E-014   1.2511618930300472E-002  0.76612622597366320     
   5.7967562106072044E-014   1.3218308437347613E-002  0.76599062229764248     
   6.1402356100302718E-014   1.3962938546438004E-002  0.76584330464710948     
   6.5040674433907865E-014   1.4746918891611394E-002  0.76568058572874609     
   6.8894576682160217E-014   1.5572569228832666E-002  0.76550195020114409     
   7.2976836995090651E-014   1.6441490653643798E-002  0.76530740976323608     
   7.7300986438705626E-014   1.7356291977664019E-002  0.76509427100818050     
   8.1881357845078089E-014   1.8319104650987312E-002  0.76486097314758639     
   8.6733133319973290E-014   1.9332101042464012E-002  0.76460604366974927     
   9.1872394565480238E-014   2.0397945945683095E-002  0.76432701690115445     
   9.7316176184442738E-014   2.1519240952208911E-002  0.76402200881819249     
   1.0308252214338041E-013   2.2698613648490813E-002  0.76368804601246520     
   1.0919054558104616E-013   2.3938833031043102E-002  0.76332276022413892     
   1.1566049216086335E-013   2.5242812325020181E-002  0.76292282700358915     
   1.2251380717723322E-013   2.6613347223982200E-002  0.76248461744819285     
   1.2977320663813645E-013   2.8053351248006942E-002  0.76200435209820772     
   1.3746275255964820E-013   2.9565738321362264E-002  0.76147764576264043     
   1.4560793272193139E-013   3.1153363628153574E-002  0.76089971548087443     
   1.5423574515106935E-013   3.2818937391994159E-002  0.76026539303882945     
   1.6337478760676535E-013   3.4565140471269892E-002  0.75956889596090404     
   1.7305535237251469E-013   3.6394382675465763E-002  0.75880394507887683     
   1.8330952666245472E-013   3.8308845397398282E-002  0.75796368557783866     
   1.9417129897769086E-013   4.0310471140396160E-002  0.75704079531652224     
   2.0567667176463148E-013   4.2400740827257762E-002  0.75602726191388248     
   2.1786378074875261E-013   4.4580751276113162E-002  0.75491470218774492     
   2.3077302133932448E-013   4.6851026821812913E-002  0.75369394475485729     
   2.4444718252409763E-013   4.9211448693657948E-002  0.75235541624799507     
   2.5893158869774334E-013   5.1661220004418862E-002  0.75088898012556560     
   2.7427424989415731E-013   5.4198660473023845E-002  0.74928406052099050     
   2.9052602092059301E-013   5.6821181919824555E-002  0.74752967778264057     
   3.0774076992107333E-013   5.9525131986405043E-002  0.74561456965157480     
   3.2597555692782418E-013   6.2305682465412363E-002  0.74352725434560751     
   3.4529082299253944E-013   6.5156745818216968E-002  0.74125622752538167     
   3.6575059052437807E-013   6.8070838828246230E-002  0.73879008552315717     
   3.8742267549874100E-013   7.1039040414489676E-002  0.73611775600162899     
   4.1037891224019369E-013   7.4050853773156025E-002  0.73322871583367599     
   4.3469539152462927E-013   7.7094221840696836E-002  0.73011325393640114     
   4.6045271278986397E-013   8.0155456179745288E-002  0.72676274156479204     
   4.8773625129065011E-013   8.3219294779078468E-002  0.72316995545477514     
   5.1663644108362790E-013   8.6268945739845060E-002  0.71932938464683149     
   5.4724907478017018E-013   8.9286192793495464E-002  0.71523757573469016     
   5.7967562106072046E-013   9.2251578881078516E-002  0.71089343019413886     
   6.1402356100302703E-013   9.5144618966693767E-002  0.70629850578810338     
   6.5040674433907870E-013   9.7944088749938513E-002  0.70145727945936498     
   6.8894576682160217E-013  0.10062834634778263       0.69637734568323251     
   7.2976836995090651E-013  0.10317572761391623       0.69106956216056825     
   7.7300986438705624E-013  0.10556495709411950       0.68554809420052010     
   8.1881357845078089E-013  0.10777560057609278       0.67983037041159400     
   8.6733133319973302E-013  0.10978850789237750       0.67393693698023227     
   9.1872394565480248E-013  0.11158625965674471       0.66789119752288195     
   9.7316176184442713E-013  0.11315358287025681       0.66171905354552363     
   1.0308252214338041E-012  0.11447771173185869       0.65544845025356879     
   1.0919054558104615E-012  0.11554868608765927       0.64910883998073254     
   1.1566049216086334E-012  0.11635957382674698       0.64273059024778778     
   1.2251380717723318E-012  0.11690660087096050       0.63634435754522312     
   1.2977320663813644E-012  0.11718918817508314       0.62998045573775530     
   1.3746275255964824E-012  0.11720989822718020       0.62366824415630562     
   1.4560793272193139E-012  0.11697428964080687       0.61743556483905959     
   1.5423574515106938E-012  0.11649069802387604       0.61130824663608285     
   1.6337478760676533E-012  0.11576995236665143       0.60530969678377267     
   1.7305535237251468E-012  0.11482503972867263       0.59946058837412075     
   1.8330952666245471E-012  0.11367074292761818       0.59377865105820626     
   1.9417129897769046E-012  0.11232325630243588       0.58827856271394330     
   2.0567667176463192E-012  0.11079980693120195       0.58297193617281762     
   2.1786378074875259E-012  0.10911828371264369       0.57786739257453423     
   2.3077302133932448E-012  0.10729689202408643       0.57297070438164588     
   2.4444718252409768E-012  0.10535383882293077       0.56828499874316929     
   2.5893158869774276E-012  0.10330705505635698       0.56381100077594248     
   2.7427424989415787E-012  0.10117395731214135       0.55954730588933099     
   2.9052602092059299E-012   9.8971251313898570E-002  0.55549066593247198     
   3.0774076992107334E-012   9.6714775206025866E-002  0.55163627656881065     
   3.2597555692782412E-012   9.4419381688223641E-002  0.54797805885111261     
   3.4529082299253870E-012   9.2098855568201507E-002  0.54450892471654899     
   3.6575059052437878E-012   8.9765862906023938E-002  0.54122102256574356     
   3.8742267549874103E-012   8.7431929171938719E-002  0.53810595872960398     
   4.1037891224019377E-012   8.5107440469685325E-002  0.53515499234619190     
   4.3469539152462926E-012   8.2801665005304198E-002  0.53235920360495959     
   4.6045271278986298E-012   8.0522790761033025E-002  0.52970963622326039     
   4.8773625129065108E-012   7.8277974892139793E-002  0.52719741377631446     
   5.1663644108362784E-012   7.6073402437480842E-002  0.52481383371733181     
   5.4724907478017028E-012   7.3914350558699882E-002  0.52255044038288379     
   5.7967562106072046E-012   7.1805255915563346E-002  0.52039907951872322     
   6.1402356100302592E-012   6.9749783227497350E-002  0.51835193734560114     
   6.5040674433907994E-012   6.7750893143250931E-002  0.51640156691726158     
   6.8894576682160215E-012   6.5810907951728836E-002  0.51454090347651926     
   7.2976836995090657E-012   6.3931574827048518E-002  0.51276327176533310     
   7.7300986438705634E-012   6.2114125679486966E-002  0.51106238707159501     
   8.1881357845077919E-012   6.0359333633946438E-002  0.50943235116619379     
   8.6733133319973500E-012   5.8667566213912906E-002  0.50786764476315294     
   9.1872394565480252E-012   5.7038835241912424E-002  0.50636311712713100     
   9.7316176184442745E-012   5.5472843792313556E-002  0.50491397366831670     
   1.0308252214338042E-011   5.3969030255178629E-002  0.50351576145394106     
   1.0919054558104596E-011   5.2526609443026430E-002  0.50216435333111242     
   1.1566049216086357E-011   5.1144611047911986E-002  0.50085593027717246     
   1.2251380717723319E-011   4.9821914835537252E-002  0.49958696243486839     
   1.2977320663813643E-011   4.8557282549473627E-002  0.49835418879364363     
   1.3746275255964820E-011   4.7349386098840027E-002  0.49715459589396638     
   1.4560793272193110E-011   4.6196831875510012E-002  0.49598539580976647     
   1.5423574515106970E-011   4.5098180665774167E-002  0.49484400415503321     
   1.6337478760676535E-011   4.4051963380197977E-002  0.49372801848238501     
   1.7305535237251469E-011   4.3056692348999087E-002  0.49263519790142735     
   1.8330952666245470E-011   4.2110868669972094E-002  0.49156344456751738     
   1.9417129897769049E-011   4.1212985955255965E-002  0.49051078755565641     
   2.0567667176463190E-011   4.0361531062770351E-002  0.48947536969734839     
   2.1786378074875261E-011   3.9554982589944186E-002  0.48845543767667293     
   2.3077302133932451E-011   3.8791807922506312E-002  0.48744933550401914     
   2.4444718252409764E-011   3.8070459691084267E-002  0.48645550136625032     
   2.5893158869774276E-011   3.7389372444040586E-002  0.48547246766438890     
   2.7427424989415784E-011   3.6746960187126504E-002  0.48449886381558110     
   2.9052602092059298E-011   3.6141615583576328E-002  0.48353342136844013     
   3.0774076992107335E-011   3.5571711140027967E-002  0.48257498088151890     
   3.2597555692782420E-011   3.5035602888333947E-002  0.48162249984064981     
   3.4529082299253870E-011   3.4531636735519448E-002  0.48067506099528767     
   3.6575059052437883E-011   3.4058157494184046E-002  0.47973188041807097     
   3.8742267549874099E-011   3.3613520649820532E-002  0.47879231459087640     
   4.1037891224019372E-011   3.3196106629762981E-002  0.47785586589054407     
   4.3469539152462924E-011   3.2804337133444994E-002  0.47692218593433117     
   4.6045271278986303E-011   3.2436693295549164E-002  0.47599107627010739     
   4.8773625129065116E-011   3.2091734903046502E-002  0.47506248606378221     
   5.1663644108362789E-011   3.1768120257626563E-002  0.47413650654176881     
   5.4724907478017021E-011   3.1464625850467755E-002  0.47321336208865944     
   5.7967562106072048E-011   3.1180165292856735E-002  0.47229339806690718     
   6.1402356100302595E-011   3.0913806770242989E-002  0.47137706555848524     
   6.5040674433907998E-011   3.0664788453188811E-002  0.47046490339522884     
   6.8894576682160224E-011   3.0432531365416973E-002  0.46955751793959760     
   7.2976836995090650E-011   3.0216649289848033E-002  0.46865556117404850     
   7.7300986438705624E-011   3.0016955514152045E-002  0.46775970773292114     
   8.1881357845077913E-011   2.9833466315342349E-002  0.46687063147341645     
   8.6733133319973494E-011   2.9666401185115116E-002  0.46598898222599722     
   9.1872394565480235E-011   2.9516180068772251E-002  0.46511536323319885     
   9.7316176184442738E-011   2.9383417829825551E-002  0.46425030974561754     
   1.0308252214338043E-010   2.9268916380607506E-002  0.46339426911287768     
   1.0919054558104594E-010   2.9173654871635844E-002  0.46254758259277873     
   1.1566049216086358E-010   2.9098778405293204E-002  0.46171046898302037     
   1.2251380717723320E-010   2.9045585695405524E-002  0.46088301007072380     
   1.2977320663813646E-010   2.9015516098474092E-002  0.46006513779002450     
   1.3746275255964819E-010   2.9010136335405331E-002  0.45925662291536534     
   1.4560793272193108E-010   2.9031127229010304E-002  0.45845706502596889     
   1.5423574515106970E-010   2.9080270615698369E-002  0.45766588347438864     
   1.6337478760676534E-010   2.9159436626801410E-002  0.45688230902653826     
   1.7305535237251471E-010   2.9270571347230743E-002  0.45610537586314714     
   1.8330952666245474E-010   2.9415684866175833E-002  0.45533391361247688     
   1.9417129897769049E-010   2.9596839625212170E-002  0.45456653911098927     
   2.0567667176463193E-010   2.9816138894079091E-002  0.45380164760440100     
   2.1786378074875259E-010   3.0075715177430622E-002  0.45303740313461111     
   2.3077302133932448E-010   3.0377718234620071E-002  0.45227172790003600     
   2.4444718252409766E-010   3.0724302387661148E-002  0.45150229042113277     
   2.5893158869774284E-010   3.1117612686084845E-002  0.45072649240597268     
   2.7427424989415788E-010   3.1559769465446433E-002  0.44994145428333115     
   2.9052602092059301E-010   3.2052850764009988E-002  0.44914399945077771     
   3.0774076992107330E-010   3.2598872012196189E-002  0.44833063739607559     
   3.2597555692782413E-010   3.3199762358200262E-002  0.44749754596662872     
   3.4529082299253875E-010   3.3857336949053685E-002  0.44664055321368445     
   3.6575059052437884E-010   3.4573264462503278E-002  0.44575511940302154     
   3.8742267549874102E-010   3.5349029164102312E-002  0.44483631999189693     
   4.1037891224019373E-010   3.6185886782278305E-002  0.44387883059783462     
   4.3469539152462921E-010   3.7084813537725962E-002  0.44287691525025602     
   4.6045271278986304E-010   3.8046447748016354E-002  0.44182441951089862     
   4.8773625129065111E-010   3.9071023582368372E-002  0.44071477036436307     
   5.1663644108362775E-010   4.0158296749585355E-002  0.43954098512152251     
   5.4724907478017020E-010   4.1307462217950563E-002  0.43829569191240852     
   5.7967562106072052E-010   4.2517064471607927E-002  0.43697116466812858     
   6.1402356100302593E-010   4.3784901340472152E-002  0.43555937575275500     
   6.5040674433908001E-010   4.5107923109963387E-002  0.43405206957928366     
   6.8894576682160219E-010   4.6482129411160859E-002  0.43244086056152575     
   7.2976836995090655E-010   4.7902467327965874E-002  0.43071735855625848     
   7.7300986438705619E-010   4.9362735192289932E-002  0.42887332445899318     
   8.1881357845077923E-010   5.0855497625860786E-002  0.42690085775429176     
   8.6733133319973486E-010   5.2372018469462087E-002  0.42479261650951716     
   9.1872394565480238E-010   5.3902219182204385E-002  0.42254206848501868     
   9.7316176184442723E-010   5.5434670978417429E-002  0.42014376969287920     
   1.0308252214338041E-009   5.6956629214864302E-002  0.41759366389547020     
   1.0919054558104593E-009   5.8454118172109951E-002  0.41488939331809233     
   1.1566049216086354E-009   5.9912073210566803E-002  0.41203060744691739     
   1.2251380717723319E-009   6.1314545181821174E-002  0.40901925351985441     
   1.2977320663813643E-009   6.2644968885932573E-002  0.40585982959292899     
   1.3746275255964821E-009   6.3886493323002863E-002  0.40255957936526549     
   1.4560793272193109E-009   6.5022366704093518E-002  0.39912860776564357     
   1.5423574515106970E-009   6.6036364016715782E-002  0.39557989807452892     
   1.6337478760676534E-009   6.6913239907441455E-002  0.39192921535267256     
   1.7305535237251468E-009   6.7639185362855986E-002  0.38819488717734851     
   1.8330952666245471E-009   6.8202263785066553E-002  0.38439746084384940     
   1.9417129897769046E-009   6.8592801125184205E-002  0.38055924559639892     
   2.0567667176463192E-009   6.8803706106443707E-002  0.37670375814103535     
   2.1786378074875260E-009   6.8830700302150216E-002  0.37285509849822374     
   2.3077302133932452E-009   6.8672443645391476E-002  0.36903729001213265     
   2.4444718252409764E-009   6.8330548242406405E-002  0.36527362108555556     
   2.5893158869774279E-009   6.7809481314890369E-002  0.36158602636996412     
   2.7427424989415785E-009   6.7116365778907811E-002  0.35799454165823130     
   2.9052602092059296E-009   6.6260693543781501E-002  0.35451686004811178     
   3.0774076992107333E-009   6.5253971423734236E-002  0.35116800798494369     
   3.2597555692782413E-009   6.4109322245865935E-002  0.34796014972350819     
   3.4529082299253875E-009   6.2841064278414446E-002  0.34490251880921735     
   3.6575059052437879E-009   6.1464290719877766E-002  0.34200146646115870     
   3.8742267549874094E-009   5.9994468128418979E-002  0.33926061003346447     
   4.1037891224019366E-009   5.8447068846175003E-002  0.33668106045210533     
   4.3469539152462921E-009   5.6837248230023667E-002  0.33426170570873298     
   4.6045271278986302E-009   5.5179573279269256E-002  0.33199952786871328     
   4.8773625129065117E-009   5.3487805414005128E-002  0.32988993313928672     
   5.1663644108362779E-009   5.1774736920842147E-002  0.32792707777421437     
   5.4724907478017016E-009   5.0052078055650304E-002  0.32610417639856548     
   5.7967562106072048E-009   4.8330389994284260E-002  0.32441378323846098     
   6.1402356100302587E-009   4.6619057699109283E-002  0.32284804036775300     
   6.5040674433907995E-009   4.4926296229253739E-002  0.32139889020207824     
   6.8894576682160217E-009   4.3259183955295745E-002  0.32005825196442461     
   7.2976836995090645E-009   4.1623716426633740E-002  0.31881816369191057     
   7.7300986438705631E-009   4.0024875172916821E-002  0.31767089260031767     
   8.1881357845077927E-009   3.8466706404577930E-002  0.31660901735392688     
   8.6733133319973494E-009   3.6952405333992834E-002  0.31562548611000518     
   9.1872394565480238E-009   3.5484402601273363E-002  0.31471365422220737     
   9.7316176184442727E-009   3.4064450023885154E-002  0.31386730529144113     
   1.0308252214338041E-008   3.2693703553433526E-002  0.31308065892500403     
   1.0919054558104593E-008   3.1372801913587170E-002  0.31234836816844364     
   1.1566049216086357E-008   3.0101939889939117E-002  0.31166550915392444     
   1.2251380717723320E-008   2.8880935656297492E-002  0.31102756509843837     
   1.2977320663813645E-008   2.7709291849327217E-002  0.31043040640155090     
   1.3746275255964821E-008   2.6586250357948406E-002  0.30987026825010761     
   1.4560793272193109E-008   2.5510840982450784E-002  0.30934372683847366     
   1.5423574515106970E-008   2.4481924251659629E-002  0.30884767505985455     
   1.6337478760676535E-008   2.3498228775566461E-002  0.30837929831271460     
   1.7305535237251470E-008   2.2558383563183279E-002  0.30793605089434695     
   1.8330952666245453E-008   2.1660945760432281E-002  0.30751563331440296     
   1.9417129897769045E-008   2.0804424266846942E-002  0.30711597075172725     
   2.0567667176463190E-008   1.9987299678772431E-002  0.30673519279217348     
   2.1786378074875283E-008   1.9208040985549485E-002  0.30637161451937883     
   2.3077302133932452E-008   1.8465119416852055E-002  0.30602371898162273     
   2.4444718252409741E-008   1.7757019807547483E-002  0.30569014102131792     
   2.5893158869774279E-008   1.7082249812813914E-002  0.30536965242793712     
   2.7427424989415785E-008   1.6439347272759218E-002  0.30506114835765230     
   2.9052602092059327E-008   1.5826885992859759E-002  0.30476363495115438     
   3.0774076992107337E-008   1.5243480175793370E-002  0.30447621807458014     
   3.2597555692782383E-008   1.4687787711380188E-002  0.30419809310528823     
   3.4529082299253872E-008   1.4158512504933387E-002  0.30392853568374634     
   3.6575059052437881E-008   1.3654406000581390E-002  0.30366689335417923     
   3.8742267549874142E-008   1.3174268034483157E-002  0.30341257801937110     
   4.1037891224019371E-008   1.2716947134102119E-002  0.30316505913870412     
   4.3469539152462887E-008   1.2281340362598101E-002  0.30292385760265494     
   4.6045271278986299E-008   1.1866392792944243E-002  0.30268854022157482     
   4.8773625129065110E-008   1.1471096683209168E-002  0.30245871477130132     
   5.1663644108362835E-008   1.1094490413582000E-002  0.30223402554245865     
   5.4724907478017017E-008   1.0735657235804731E-002  0.30201414934549203     
   5.7967562106071983E-008   1.0393723877580049E-002  0.30179879192727144     
   6.1402356100302588E-008   1.0067859037389677E-002  0.30158768475967979     
   6.5040674433908008E-008   9.7572717990555696E-003  0.30138058216444424     
   6.8894576682160293E-008   9.4612099905302879E-003  0.30117725874231227     
   7.2976836995090660E-008   9.1789585069100982E-003  0.30097750707785603     
   7.7300986438705548E-008   8.9098376143764927E-003  0.30078113569492237     
   8.1881357845077931E-008   8.6532012487853787E-003  0.30058796724002229     
   8.6733133319973478E-008   8.4084353204477505E-003  0.30039783687426869     
   9.1872394565480351E-008   8.1749560348365110E-003  0.30021059085640373     
   9.7316176184442734E-008   7.9522082375892249E-003  0.30002608530174457     
   1.0308252214338029E-007   7.7396637913120297E-003  0.29984418510381805     
   1.0919054558104595E-007   7.5368199909947187E-003  0.29966476300652278     
   1.1566049216086356E-007   7.3431980243865757E-003  0.29948769881651194     
   1.2251380717723333E-007   7.1583414836840246E-003  0.29931287874562473     
   1.2977320663813642E-007   6.9818149345384842E-003  0.29914019487425692     
   1.3746275255964808E-007   6.8132025484505324E-003  0.29896954472660220     
   1.4560793272193109E-007   6.6521068044332965E-003  0.29880083094862175     
   1.5423574515106968E-007   6.4981472655751991E-003  0.29863396107937246     
   1.6337478760676550E-007   6.3509594356688211E-003  0.29846884740575019     
   1.7305535237251470E-007   6.2101937002944493E-003  0.29830540689039953     
   1.8330952666245453E-007   6.0755143558142112E-003  0.29814356116161767     
   1.9417129897769050E-007   5.9465987283329278E-003  0.29798323655411324     
   2.0567667176463191E-007   5.8231363832286992E-003  0.29782436418900066     
   2.1786378074875282E-007   5.7048284241123896E-003  0.29766688008188064     
   2.3077302133932446E-007   5.5913868783775949E-003  0.29751072526829764     
   2.4444718252409739E-007   5.4825341649420599E-003  0.29735584593715997     
   2.5893158869774280E-007   5.3780026385282604E-003  0.29720219356408883     
   2.7427424989415783E-007   5.2775342040764324E-003  0.29704972503870675     
   2.9052602092059327E-007   5.1808799947582994E-003  0.29689840278157542     
   3.0774076992107333E-007   5.0878001076435139E-003  0.29674819484868165     
   3.2597555692782383E-007   4.9980633922586427E-003  0.29659907502264282     
   3.4529082299253871E-007   4.9114472890778825E-003  0.29645102289082309     
   3.6575059052437880E-007   4.8277377169992806E-003  0.29630402391056498     
   3.8742267549874134E-007   4.7467290108445396E-003  0.29615806946082013     
   4.1037891224019369E-007   4.6682239114660927E-003  0.29601315687768287     
   4.3469539152462881E-007   4.5920336118564385E-003  0.29586928946868024     
   4.6045271278986300E-007   4.5179778620950059E-003  0.29572647649778577     
   4.8773625129065110E-007   4.4458851344515932E-003  0.29558473312989653     
   5.1663644108362831E-007   4.3755928468078116E-003  0.29544408032128372     
   5.4724907478017013E-007   4.3069476383495228E-003  0.29530454464075034     
   5.7967562106071988E-007   4.2398056865498301E-003  0.29516615800649221     
   6.1402356100302580E-007   4.1740330491599710E-003  0.29502895732512974     
   6.5040674433908005E-007   4.1095060100716733E-003  0.29489298402302860     
   6.8894576682160288E-007   4.0461114040428771E-003  0.29475828346514871     
   7.2976836995090652E-007   3.9837468929817665E-003  0.29462490426323601     
   7.7300986438705546E-007   3.9223211661552192E-003  0.29449289748206925     
   8.1881357845077920E-007   3.8617540386512964E-003  0.29436231576010419     
   8.6733133319973491E-007   3.8019764262854738E-003  0.29423321236702543     
   9.1872394565480351E-007   3.7429301811649340E-003  0.29410564022611596     
   9.7316176184442742E-007   3.6845677792150624E-003  0.29397965093285888     
   1.0308252214338029E-006   3.6268518589323119E-003  0.29385529380210035     
   1.0919054558104592E-006   3.5697546185610167E-003  0.29373261497553688     
   1.1566049216086358E-006   3.5132570862134137E-003  0.29361165661804450     
   1.2251380717723332E-006   3.4573482835441268E-003  0.29349245622664011     
   1.2977320663813645E-006   3.4020243081403305E-003  0.29337504606999082     
   1.3746275255964808E-006   3.3472873624516347E-003  0.29325945276946924     
   1.4560793272193110E-006   3.2931447579898597E-003  0.29314569702639764     
   1.5423574515106969E-006   3.2396079226238951E-003  0.29303379349306352     
   1.6337478760676550E-006   3.1866914365160245E-003  0.29292375077993554     
   1.7305535237251469E-006   3.1344121188062843E-003  0.29281557158667942     
   1.8330952666245454E-006   3.0827881830000578E-003  0.29270925294100675     
   1.9417129897769058E-006   3.0318384745050136E-003  0.29260478652763627     
   2.0567667176463181E-006   2.9815817992117121E-003  0.29250215908811378     
   2.1786378074875278E-006   2.9320363477257955E-003  0.29240135287278535     
   2.3077302133932450E-006   2.8832192160167724E-003  0.29230234612683031     
   2.4444718252409739E-006   2.8351460199910919E-003  0.29220511359393669     
   2.5893158869774292E-006   2.7878305989007843E-003  0.29210962702309579     
   2.7427424989415773E-006   2.7412848005527761E-003  0.29201585566657778     
   2.9052602092059327E-006   2.6955183399778654E-003  0.29192376675896636     
   3.0774076992107334E-006   2.6505387224840947E-003  0.29183332597004391     
   3.2597555692782382E-006   2.6063512217637357E-003  0.29174449782608186     
   3.4529082299253887E-006   2.5629589038762479E-003  0.29165724609611443     
   3.6575059052437865E-006   2.5203626883854796E-003  0.29157153414171944     
   3.8742267549874138E-006   2.4785614386093487E-003  0.29148732522988080     
   4.1037891224019372E-006   2.4375520737724022E-003  0.29140458281002440     
   4.3469539152462874E-006   2.3973296967656566E-003  0.29132327075687142     
   4.6045271278986329E-006   2.3578877321535113E-003  0.29124335358175374     
   4.8773625129065095E-006   2.3192180699991372E-003  0.29116479661508055     
   5.1663644108362837E-006   2.2813112119570199E-003  0.29108756616324383     
   5.4724907478017016E-006   2.2441564168943187E-003  0.29101162964304883     
   5.7967562106071984E-006   2.2077418440176050E-003  0.29093695569693939     
   6.1402356100302623E-006   2.1720546921073724E-003  0.29086351429194907     
   6.5040674433907963E-006   2.1370813339775326E-003  0.29079127680527728     
   6.8894576682160290E-006   2.1028074456809851E-003  0.29072021609901560     
   7.2976836995090650E-006   2.0692181302890459E-003  0.29065030658622087     
   7.7300986438705552E-006   2.0362980362587028E-003  0.29058152429045880     
   8.1881357845077969E-006   2.0040314705171928E-003  0.29051384690045889     
   8.6733133319973447E-006   1.9724025063761435E-003  0.29044725382137199     
   9.1872394565480336E-006   1.9413950863680766E-003  0.29038172622403674     
   9.7316176184442725E-006   1.9109931199492527E-003  0.29031724709345197     
   1.0308252214338031E-005   1.8811805758795904E-003  0.29025380127766409     
   1.0919054558104601E-005   1.8519415689213369E-003  0.29019137553851071     
   1.1566049216086351E-005   1.8232604403449080E-003  0.29012995860557211     
   1.2251380717723333E-005   1.7951218316129708E-003  0.29006954123509721     
   1.2977320663813644E-005   1.7675107505296616E-003  0.29001011627605222     
   1.3746275255964806E-005   1.7404126291632232E-003  0.28995167874554140     
   1.4560793272193116E-005   1.7138133728640671E-003  0.28989422591663055     
   1.5423574515106961E-005   1.6876993999017050E-003  0.28983775742158219     
   1.6337478760676553E-005   1.6620576713992929E-003  0.28978227537435919     
   1.7305535237251470E-005   1.6368757115036766E-003  0.28972778451625009     
   1.8330952666245457E-005   1.6121416180442899E-003  0.28967429238900289     
   1.9417129897769059E-005   1.5878440641488309E-003  0.28962180954028321     
   2.0567667176463180E-005   1.5639722916397343E-003  0.28957034976603280     
   2.1786378074875278E-005   1.5405160972070137E-003  0.28951993039538443     
   2.3077302133932445E-005   1.5174658125558036E-003  0.28947057262319353     
   2.4444718252409746E-005   1.4948122798326194E-003  0.28942230189615359     
   2.5893158869774294E-005   1.4725468237066482E-003  0.28937514835857431     
   2.7427424989415770E-005   1.4506612214075388E-003  0.28932914736436721     
   2.9052602092059321E-005   1.4291476720110750E-003  0.28928434006229553     
   3.0774076992107331E-005   1.4079987660906091E-003  0.28924077406241683     
   3.2597555692782391E-005   1.3872074567164404E-003  0.28919850419227439     
   3.4529082299253886E-005   1.3667670326040801E-003  0.28915759335259650     
   3.6575059052437861E-005   1.3466710940336370E-003  0.28911811348335309     
   3.8742267549874124E-005   1.3269135319860573E-003  0.28908014665260295     
   4.1037891224019368E-005   1.3074885107850073E-003  0.28904378628204380     
   4.3469539152462896E-005   1.2883904543933126E-003  0.28900913852521065     
   4.6045271278986332E-005   1.2696140364036428E-003  0.28897632381634003     
   4.8773625129065085E-005   1.2511541736764799E-003  0.28894547861040126     
   5.1663644108362827E-005   1.2330060235207975E-003  0.28891675733753291     
   5.4724907478017014E-005   1.2151649842774856E-003  0.28889033459827873     
   5.7967562106071998E-005   1.1976266991549659E-003  0.28886640762937482     
   6.1402356100302612E-005   1.1803870631708251E-003  0.28884519907407963     
   6.5040674433907973E-005   1.1634422330760999E-003  0.28882696009528813     
   6.8894576682160271E-005   1.1467886401712031E-003  0.28881197387485280     
   7.2976836995090655E-005   1.1304230059664782E-003  0.28880055954831929     
   7.7300986438705562E-005   1.1143423606900789E-003  0.28879307663099141     
   8.1881357845077949E-005   1.0985440647120807E-003  0.28878992999840020     
   8.6733133319973453E-005   1.0830258329793947E-003  0.28879157549341322     
   9.1872394565480309E-005   1.0677857626897472E-003  0.28879852624158153     
   9.7316176184442742E-005   1.0528223644298642E-003  0.28881135976806371     
   1.0308252214338033E-004   1.0381345971265802E-003  0.28883072602231757     
   1.0919054558104599E-004   1.0237219072266098E-003  0.28885735643224997     
   1.1566049216086351E-004   1.0095842726135290E-003  0.28889207412674567     
   1.2251380717723327E-004   9.9572225187426070E-004  0.28893580548654380     
   1.2977320663813644E-004   9.8213703964249101E-004  0.28898959320687728     
   1.3746275255964810E-004   9.6883052888183400E-004  0.28905461108391517     
   1.4560793272193115E-004   9.5580538112843415E-004  0.28913218076994818     
   1.5423574515106963E-004   9.4306510589776667E-004  0.28922379078151927     
   1.6337478760676546E-004   9.3061415068268895E-004  0.28933111809117712     
   1.7305535237251466E-004   9.1845800323658877E-004  0.28945605268911001   
   100000000000000000000.0   0.000000000000000000000  0.00000000000000000  
