   5.5793126505105093E+024   6666000.0000000000       0.28751729834200818        
   1.0308252214338041E-013   1.6887907817272781E-002  0.66354025895783708     
   1.0919054558104616E-013   1.7835142522238997E-002  0.66327947678182075     
   1.1566049216086335E-013   1.8832582349233580E-002  0.66298591266534090     
   1.2251380717723322E-013   1.9881702827884696E-002  0.66266292551109240     
   1.2977320663813645E-013   2.0984183915592591E-002  0.66230528244161979     
   1.3746275255964820E-013   2.2142152571737624E-002  0.66190885094453444     
   1.4560793272193139E-013   2.3357166826820673E-002  0.66147022822460977     
   1.5423574515106935E-013   2.4631022800778619E-002  0.66098404067611083     
   1.6337478760676535E-013   2.5964991089164308E-002  0.66044692518489312     
   1.7305535237251469E-013   2.7360511987804266E-002  0.65985335831052871     
   1.8330952666245472E-013   2.8818801951481083E-002  0.65919856952234146     
   1.9417129897769086E-013   3.0340279318269946E-002  0.65847602034945452     
   2.0567667176463148E-013   3.1925730062186762E-002  0.65768005044958755     
   2.1786378074875261E-013   3.3574899578453853E-002  0.65680354724725942     
   2.3077302133932448E-013   3.5287390602145703E-002  0.65584040552221767     
   2.4444718252409763E-013   3.7062276537861968E-002  0.65478338318209639     
   2.5893158869774334E-013   3.8897785728262524E-002  0.65362432938876580     
   2.7427424989415731E-013   4.0791697486292564E-002  0.65235636431627575     
   2.9052602092059301E-013   4.2740743841399954E-002  0.65097087343639704     
   3.0774076992107333E-013   4.4740959218514391E-002  0.64946049079955048     
   3.2597555692782418E-013   4.6787321114939155E-002  0.64781682965066456     
   3.4529082299253944E-013   4.8873901590372706E-002  0.64603250918842281     
   3.6575059052437807E-013   5.0993545689041603E-002  0.64409972599119081     
   3.8742267549874100E-013   5.3138095840433157E-002  0.64201168826878763     
   4.1037891224019369E-013   5.5298158059927757E-002  0.63976212938800248     
   4.3469539152462927E-013   5.7463264164473039E-002  0.63734562024774155     
   4.6045271278986397E-013   5.9621777745780313E-002  0.63475781541003473     
   4.8773625129065011E-013   6.1760981755848113E-002  0.63199593547953381     
   5.1663644108362790E-013   6.3867263269374197E-002  0.62905849562790506     
   5.4724907478017018E-013   6.5926159692790948E-002  0.62594594409669224     
   5.7967562106072046E-013   6.7922583652879023E-002  0.62266061818624552     
   6.1402356100302703E-013   6.9841076781576111E-002  0.61920706080380561     
   6.5040674433907870E-013   7.1666012170526289E-002  0.61559196310792719     
   6.8894576682160217E-013   7.3381951768087705E-002  0.61182436617883240     
   7.2976836995090651E-013   7.4973868639864438E-002  0.60791559997378908     
   7.7300986438705624E-013   7.6427601761863362E-002  0.60387914589567970     
   8.1881357845078089E-013   7.7730095062638546E-002  0.59973061329123434     
   8.6733133319973302E-013   7.8869720469058713E-002  0.59548737049454759     
   9.1872394565480248E-013   7.9836559012552433E-002  0.59116835899295828     
   9.7316176184442713E-013   8.0622689763187788E-002  0.58679364964868963     
   1.0308252214338041E-012   8.1222271092182940E-002  0.58238411449400096     
   1.0919054558104615E-012   8.1631800552945596E-002  0.57796095232355560     
   1.1566049216086334E-012   8.1850036693137437E-002  0.57354527470867545     
   1.2251380717723318E-012   8.1878079376995969E-002  0.56915765507988991     
   1.2977320663813644E-012   8.1719239901845528E-002  0.56481775928881084     
   1.3746275255964824E-012   8.1378918346441231E-002  0.56054397037122794     
   1.4560793272193139E-012   8.0864414427430115E-002  0.55635308886189061     
   1.5423574515106938E-012   8.0184672844275037E-002  0.55226012443067729     
   1.6337478760676533E-012   7.9350053297143716E-002  0.54827809716204134     
   1.7305535237251468E-012   7.8372024631317191E-002  0.54441798259605134     
   1.8330952666245471E-012   7.7262893129994917E-002  0.54068866780532776     
   1.9417129897769046E-012   7.6035537579146453E-002  0.53709697687575819     
   2.0567667176463192E-012   7.4703121614256934E-002  0.53364778663883417     
   2.1786378074875259E-012   7.3278873973752920E-002  0.53034412431304923     
   2.3077302133932448E-012   7.1775877615712955E-002  0.52718733860361522     
   2.4444718252409768E-012   7.0206867016595703E-002  0.52417727954717097     
   2.5893158869774276E-012   6.8584095256759570E-002  0.52131247722295615     
   2.7427424989415787E-012   6.6919205400233786E-002  0.51859033955952694     
   2.9052602092059299E-012   6.5223134015018502E-002  0.51600733895810469     
   3.0774076992107334E-012   6.3506054153460792E-002  0.51355918856698579     
   3.2597555692782412E-012   6.1777328583543775E-002  0.51124100977466436     
   3.4529082299253870E-012   6.0045490216882498E-002  0.50904748115909593     
   3.6575059052437878E-012   5.8318243930345709E-002  0.50697297121023133     
   3.8742267549874103E-012   5.6602474491723398E-002  0.50501165589835284     
   4.1037891224019377E-012   5.4904277313208891E-002  0.50315761807447890     
   4.3469539152462926E-012   5.3228985636435286E-002  0.50140493440416056     
   4.6045271278986298E-012   5.1581218050312475E-002  0.49974773799150096     
   4.8773625129065108E-012   4.9964918979634863E-002  0.49818028121952640     
   5.1663644108362784E-012   4.8383409637052309E-002  0.49669697683548192     
   5.4724907478017028E-012   4.6839437952092090E-002  0.49529243035500564     
   5.7967562106072046E-012   4.5335226884161341E-002  0.49396146707715360     
   6.1402356100302592E-012   4.3872525827631327E-002  0.49269914861654762     
   6.5040674433907994E-012   4.2452656346754748E-002  0.49150078143541992     
   6.8894576682160215E-012   4.1076559873980137E-002  0.49036192405860102     
   7.2976836995090657E-012   3.9744839825590850E-002  0.48927838825647701     
   7.7300986438705634E-012   3.8457801791454929E-002  0.48824623360806252     
   8.1881357845077919E-012   3.7215492403930538E-002  0.48726176484056538     
   8.6733133319973500E-012   3.6017732529833764E-002  0.48632152337259726     
   9.1872394565480252E-012   3.4864150320296869E-002  0.48542227789683107     
   9.7316176184442745E-012   3.3754208572364434E-002  0.48456101412396368     
   1.0308252214338042E-011   3.2687231563259478E-002  0.48373492412705815     
   1.0919054558104596E-011   3.1662427753820499E-002  0.48294139459810953     
   1.1566049216086357E-011   3.0678910136979903E-002  0.48217799487888446     
   1.2251380717723319E-011   2.9735715153647646E-002  0.48144246602491181     
   1.2977320663813643E-011   2.8831817527089378E-002  0.48073270849199295     
   1.3746275255964820E-011   2.7966145148491009E-002  0.48004677144828228     
   1.4560793272193110E-011   2.7137589862035048E-002  0.47938284176955726     
   1.5423574515106970E-011   2.6345018719467199E-002  0.47873923377124322     
   1.6337478760676535E-011   2.5587281184804616E-002  0.47811437953824903     
   1.7305535237251469E-011   2.4863217192566192E-002  0.47750681984781113     
   1.8330952666245470E-011   2.4171662737968565E-002  0.47691519533205090     
   1.9417129897769049E-011   2.3511453695878697E-002  0.47633823937509573     
   2.0567667176463190E-011   2.2881430359178608E-002  0.47577477041042049     
   2.1786378074875261E-011   2.2280439039475471E-002  0.47522368609278531     
   2.3077302133932451E-011   2.1707334826723292E-002  0.47468395727006707     
   2.4444718252409764E-011   2.1160982255504800E-002  0.47415462368085054     
   2.5893158869774276E-011   2.0640256061724170E-002  0.47363478963789168     
   2.7427424989415784E-011   2.0144041342435835E-002  0.47312362100368643     
   2.9052602092059298E-011   1.9671234040026856E-002  0.47262034259163871     
   3.0774076992107335E-011   1.9220740412594344E-002  0.47212423651329233     
   3.2597555692782420E-011   1.8791477336843627E-002  0.47163464126102062     
   3.4529082299253870E-011   1.8382372477696040E-002  0.47115095123311240     
   3.6575059052437883E-011   1.7992364491483198E-002  0.47067261708817237     
   3.8742267549874099E-011   1.7620404317590072E-002  0.47019914631772342     
   4.1037891224019372E-011   1.7265456653873888E-002  0.46973010428934442     
   4.3469539152462924E-011   1.6926501938256289E-002  0.46926511538254784     
   4.6045271278986303E-011   1.6602539472493624E-002  0.46880386413933134     
   4.8773625129065116E-011   1.6292590890979518E-002  0.46834609617180389     
   5.1663644108362789E-011   1.5995704660400314E-002  0.46789161857978834     
   5.4724907478017021E-011   1.5710960785878022E-002  0.46744029993595776     
   5.7967562106072048E-011   1.5437476449499837E-002  0.46699206923649511     
   6.1402356100302595E-011   1.5174411680076055E-002  0.46654691402122700     
   6.5040674433907998E-011   1.4920975035835794E-002  0.46610487752980884     
   6.8894576682160224E-011   1.4676429484135986E-002  0.46566605460950805     
   7.2976836995090650E-011   1.4440097318049338E-002  0.46523058677541912     
   7.7300986438705624E-011   1.4211364971600939E-002  0.46479865616390942     
   8.1881357845077913E-011   1.3989686506624665E-002  0.46437047882999222     
   8.6733133319973494E-011   1.3774586312998141E-002  0.46394629736844439     
   9.1872394565480235E-011   1.3565660530449044E-002  0.46352637327163432     
   9.7316176184442738E-011   1.3362577268243574E-002  0.46311097914331717     
   1.0308252214338043E-010   1.3165075662477236E-002  0.46270039110503619     
   1.0919054558104594E-010   1.2972963775010440E-002  0.46229488161971222     
   1.1566049216086358E-010   1.2786115510088137E-002  0.46189471288303047     
   1.2251380717723320E-010   1.2604466596110100E-002  0.46150013101821108     
   1.2977320663813646E-010   1.2428010109705514E-002  0.46111136110290452     
   1.3746275255964819E-010   1.2256791336112193E-002  0.46072860319180525     
   1.4560793272193108E-010   1.2090902458819519E-002  0.46035202925597335     
   1.5423574515106970E-010   1.1930477204393860E-002  0.45998178109980520     
   1.6337478760676534E-010   1.1775685528566166E-002  0.45961796914790104     
   1.7305535237251471E-010   1.1626728523868942E-002  0.45926067206081017     
   1.8330952666245474E-010   1.1483833766704530E-002  0.45890993705014016     
   1.9417129897769049E-010   1.1347251000643328E-002  0.45856578082574417     
   2.0567667176463193E-010   1.1217248444643954E-002  0.45822819100808060     
   2.1786378074875259E-010   1.1094109561366902E-002  0.45789712794211807     
   2.3077302133932448E-010   1.0978130447478411E-002  0.45757252679161464     
   2.4444718252409766E-010   1.0869617806662504E-002  0.45725429978312543     
   2.5893158869774284E-010   1.0768887435356506E-002  0.45694233856129174     
   2.7427424989415788E-010   1.0676263305698154E-002  0.45663651653345361     
   2.9052602092059301E-010   1.0592077088769443E-002  0.45633669114984998     
   3.0774076992107330E-010   1.0516668169647397E-002  0.45604270607681779     
   3.2597555692782413E-010   1.0450384078474194E-002  0.45575439318877442     
   3.4529082299253875E-010   1.0393581270250730E-002  0.45547157437304558     
   3.6575059052437884E-010   1.0346626266843798E-002  0.45519406309600291     
   3.8742267549874102E-010   1.0309897028682720E-002  0.45492166573410925     
   4.1037891224019373E-010   1.0283784609677391E-002  0.45465418264168067     
   4.3469539152462921E-010   1.0268694995481649E-002  0.45439140895589414     
   4.6045271278986304E-010   1.0265051128085817E-002  0.45413313513961401     
   4.8773625129065111E-010   1.0273295058180717E-002  0.45387914725514722     
   5.1663644108362775E-010   1.0293890215718506E-002  0.45362922697734770     
   5.4724907478017020E-010   1.0327323795730786E-002  0.45338315134668544     
   5.7967562106072052E-010   1.0374109220767492E-002  0.45314069226486120     
   6.1402356100302593E-010   1.0434788650878652E-002  0.45290161573811227     
   6.5040674433908001E-010   1.0509935597913113E-002  0.45266568086163256     
   6.8894576682160219E-010   1.0600157555927445E-002  0.45243263855274019     
   7.2976836995090655E-010   1.0706098690350241E-002  0.45220223002177523     
   7.7300986438705619E-010   1.0828442595593839E-002  0.45197418497364172     
   8.1881357845077923E-010   1.0967915061920967E-002  0.45174821953355443     
   8.6733133319973486E-010   1.1125286912824738E-002  0.45152403387668300     
   9.1872394565480238E-010   1.1301376870844832E-002  0.45130130954778819     
   9.7316176184442723E-010   1.1497054476013770E-002  0.45107970644325951     
   1.0308252214338041E-009   1.1713243016618883E-002  0.45085885943415671     
   1.0919054558104593E-009   1.1950922528468987E-002  0.45063837458981670     
   1.1566049216086354E-009   1.2211132781202371E-002  0.45041782497338639     
   1.2251380717723319E-009   1.2494976314207490E-002  0.45019674595835024     
   1.2977320663813643E-009   1.2803621450021542E-002  0.44997463002484978     
   1.3746275255964821E-009   1.3138305311387115E-002  0.44975092097527525     
   1.4560793272193109E-009   1.3500336782292207E-002  0.44952500751519409     
   1.5423574515106970E-009   1.3891099412929288E-002  0.44929621612712611     
   1.6337478760676534E-009   1.4312054207288890E-002  0.44906380316993189     
   1.7305535237251468E-009   1.4764742269691617E-002  0.44882694611925011     
   1.8330952666245471E-009   1.5250787224212326E-002  0.44858473386805697     
   1.9417129897769046E-009   1.5771897363877709E-002  0.44833615599172727     
   2.0567667176463192E-009   1.6329867419927847E-002  0.44808009088244610     
   2.1786378074875260E-009   1.6926579875997695E-002  0.44781529264736597     
   2.3077302133932452E-009   1.7564005667662298E-002  0.44754037666799085     
   2.4444718252409764E-009   1.8244204156775235E-002  0.44725380370727258     
   2.5893158869774279E-009   1.8969322187069725E-002  0.44695386245814106     
   2.7427424989415785E-009   1.9741592015237105E-002  0.44663865042773776     
   2.9052602092059296E-009   2.0563327891971947E-002  0.44630605305696014     
   3.0774076992107333E-009   2.1436921000039692E-002  0.44595372099174735     
   3.2597555692782413E-009   2.2364832434908576E-002  0.44557904543771815     
   3.4529082299253875E-009   2.3349583844379431E-002  0.44517913156341132     
   3.6575059052437879E-009   2.4393745314470111E-002  0.44475076995187257     
   3.8742267549874094E-009   2.5499919996099522E-002  0.44429040615894727     
   4.1037891224019366E-009   2.6670724934678352E-002  0.44379410850561946     
   4.3469539152462921E-009   2.7908767481965420E-002  0.44325753432269777     
   4.6045271278986302E-009   2.9216616611025120E-002  0.44267589498564042     
   4.8773625129065117E-009   3.0596768381636427E-002  0.44204392022165873     
   5.1663644108362779E-009   3.2051604767348287E-002  0.44135582235353771     
   5.4724907478017016E-009   3.3583344984535766E-002  0.44060526136448613     
   5.7967562106072048E-009   3.5193988470045900E-002  0.43978531193160952     
   6.1402356100302587E-009   3.6885248633768832E-002  0.43888843388993803     
   6.5040674433907995E-009   3.8658476586717443E-002  0.43790644794749001     
   6.8894576682160217E-009   4.0514574139547573E-002  0.43683051888458246     
   7.2976836995090645E-009   4.2453895559699618E-002  0.43565114892469137     
   7.7300986438705631E-009   4.4476137857080926E-002  0.43435818445408642     
   8.1881357845077927E-009   4.6580219774414885E-002  0.43294083977042214     
   8.6733133319973494E-009   4.8764150209204916E-002  0.43138774203371111     
   9.1872394565480238E-009   5.1024887509082129E-002  0.42968700202782362     
   9.7316176184442727E-009   5.3358191987493704E-002  0.42782631566498497     
   1.0308252214338041E-008   5.5758475101638720E-002  0.42579310130610060     
   1.0919054558104593E-008   5.8218650016376494E-002  0.42357467782856711     
   1.1566049216086357E-008   6.0729989722194080E-002  0.42115848785343768     
   1.2251380717723320E-008   6.3282000414800990E-002  0.41853236951773715     
   1.2977320663813645E-008   6.5862319386285798E-002  0.41568487853806307     
   1.3746275255964821E-008   6.8456648078453960E-002  0.41260565994712423     
   1.4560793272193109E-008   7.1048732019670185E-002  0.40928586573750780     
   1.5423574515106970E-008   7.3620399870705677E-002  0.40571861071324461     
   1.6337478760676535E-008   7.6151673483803861E-002  0.40189945422576923     
   1.7305535237251470E-008   7.8620959464552678E-002  0.39782689038212998     
   1.8330952666245453E-008   8.1005329995510092E-002  0.39350282412872684     
   1.9417129897769045E-008   8.3280896491269449E-002  0.38893300586685048     
   2.0567667176463190E-008   8.5423274035278274E-002  0.38412739360466325     
   2.1786378074875283E-008   8.7408127703455352E-002  0.37910040984350074     
   2.3077302133932452E-008   8.9211784297462113E-002  0.37387106115823610     
   2.4444718252409741E-008   9.0811885387264132E-002  0.36846289234507235     
   2.5893158869774279E-008   9.2188050821210801E-002  0.36290375437346856     
   2.7427424989415785E-008   9.3322516995541657E-002  0.35722537605921351     
   2.9052602092059327E-008   9.4200712121509031E-002  0.35146274273135891     
   3.0774076992107337E-008   9.4811732161188253E-002  0.34565330004383765     
   3.2597555692782383E-008   9.5148686271160784E-002  0.33983601590813567     
   3.4529082299253872E-008   9.5208889212671316E-002  0.33405034651856191     
   3.6575059052437881E-008   9.4993889393595529E-002  0.32833516189970480     
   3.8742267549874142E-008   9.4509333714527757E-002  0.32272769099628468     
   4.1037891224019371E-008   9.3764682634056684E-002  0.31726254534813692     
   4.3469539152462887E-008   9.2772799346921259E-002  0.31197087391433770     
   4.6045271278986299E-008   9.1549444461220902E-002  0.30687969046685121     
   4.8773625129065110E-008   9.0112711378760285E-002  0.30201140059744325     
   5.1663644108362835E-008   8.8482437631370231E-002  0.29738353956766023     
   5.4724907478017017E-008   8.6679624176307341E-002  0.29300871679330315     
   5.7967562106071983E-008   8.4725888995165990E-002  0.28889474928098180     
   6.1402356100302588E-008   8.2642974356910523E-002  0.28504495595565443     
   6.5040674433908008E-008   8.0452319865764108E-002  0.28145857813269842     
   6.8894576682160293E-008   7.8174706795078666E-002  0.27813128846157464     
   7.2976836995090660E-008   7.5829973787477856E-002  0.27505575113055597     
   7.7300986438705548E-008   7.3436800044888881E-002  0.27222219930200475     
   8.1881357845077931E-008   7.1012549628659799E-002  0.26961900082800777     
   8.6733133319973478E-008   6.8573169239269260E-002  0.26723318943968599     
   9.1872394565480351E-008   6.6133131541099247E-002  0.26505094505881865     
   9.7316176184442734E-008   6.3705416424971392E-002  0.26305801304784215     
   1.0308252214338029E-007   6.1301523269717412E-002  0.26124005766269998     
   1.0919054558104595E-007   5.8931508069676460E-002  0.25958294945400767     
   1.1566049216086356E-007   5.6604040093290175E-002  0.25807298977297882     
   1.2251380717723333E-007   5.4326473463475411E-002  0.25669707790380608     
   1.2977320663813642E-007   5.2104929678093610E-002  0.25544282776693245     
   1.3746275255964808E-007   4.9944387626993055E-002  0.25429864177638806     
   1.4560793272193109E-007   4.7848778130991157E-002  0.25325374946143814     
   1.5423574515106968E-007   4.5821080447458133E-002  0.25229821805437019     
   1.6337478760676550E-007   4.3863418576520263E-002  0.25142294155482731     
   1.7305535237251470E-007   4.1977155566919631E-002  0.25061961393858356     
   1.8330952666245453E-007   4.0162984367706239E-002  0.24988069128340651     
   1.9417129897769050E-007   3.8421014096928330E-002  0.24919934671024072     
   2.0567667176463191E-007   3.6750850898417356E-002  0.24856942123053530     
   2.1786378074875282E-007   3.5151672826839293E-002  0.24798537287836508     
   2.3077302133932446E-007   3.3622298438129618E-002  0.24744222589933648     
   2.4444718252409739E-007   3.2161248961894102E-002  0.24693552126888843     
   2.5893158869774280E-007   3.0766804098137292E-002  0.24646126941231705     
   2.7427424989415783E-007   2.9437051612086890E-002  0.24601590568810874     
   2.9052602092059327E-007   2.8169931002298546E-002  0.24559624896024415     
   3.0774076992107333E-007   2.6963271592090169E-002  0.24519946341228144     
   3.2597555692782383E-007   2.5814825447190843E-002  0.24482302363142194     
   3.4529082299253871E-007   2.4722295556766440E-002  0.24446468290475357     
   3.6575059052437880E-007   2.3683359734171756E-002  0.24412244461002219     
   3.8742267549874134E-007   2.2695690700878998E-002  0.24379453654413058     
   4.1037891224019369E-007   2.1756972813303806E-002  0.24347938800540259     
   4.3469539152462881E-007   2.0864915879797927E-002  0.24317560942697033     
   4.6045271278986300E-007   2.0017266494025170E-002  0.24288197434520731     
   4.8773625129065110E-007   1.9211817282809400E-002  0.24259740347780026     
   5.1663644108362831E-007   1.8446414431311221E-002  0.24232095067892456     
   5.4724907478017013E-007   1.7718963807705611E-002  0.24205179053590217     
   5.7967562106071988E-007   1.7027435964030110E-002  0.24178920737254464     
   6.1402356100302580E-007   1.6369870241849910E-002  0.24153258542952402     
   6.5040674433908005E-007   1.5744378162117635E-002  0.24128140000316559     
   6.8894576682160288E-007   1.5149146230800558E-002  0.24103520934068273     
   7.2976836995090652E-007   1.4582438247309685E-002  0.24079364711211712     
   7.7300986438705546E-007   1.4042597163589961E-002  0.24055641530625743     
   8.1881357845077920E-007   1.3528046509496352E-002  0.24032327742850002     
   8.6733133319973491E-007   1.3037291376179103E-002  0.24009405191190283     
   9.1872394565480351E-007   1.2568918933765466E-002  0.23986860568525309     
   9.7316176184442742E-007   1.2121598452849254E-002  0.23964684787446350     
   1.0308252214338029E-006   1.1694080800611005E-002  0.23942872364110065     
   1.0919054558104592E-006   1.1285197390212271E-002  0.23921420818635641     
   1.1566049216086358E-006   1.0893858575172843E-002  0.23900330096594560     
   1.2251380717723332E-006   1.0519051496793533E-002  0.23879602017338000     
   1.2977320663813645E-006   1.0159837410623667E-002  0.23859239755388958     
   1.3746275255964808E-006   9.8153485353856644E-003  0.23839247361051233     
   1.4560793272193110E-006   9.4847844838635165E-003  0.23819629325748964     
   1.5423574515106969E-006   9.1674083476724327E-003  0.23800390196615115     
   1.6337478760676550E-006   8.8625425173854550E-003  0.23781534243467375     
   1.7305535237251469E-006   8.5695643242062036E-003  0.23763065179890516     
   1.8330952666245454E-006   8.2879015903580336E-003  0.23744985938549740     
   1.9417129897769058E-006   8.0170281724327337E-003  0.23727298499448718     
   2.0567667176463181E-006   7.7564595757782058E-003  0.23710003768496463     
   2.1786378074875278E-006   7.5057487091889268E-003  0.23693101502669281     
   2.3077302133932450E-006   7.2644818386910486E-003  0.23676590277182050     
   2.4444718252409739E-006   7.0322747875555596E-003  0.23660467489503398     
   2.5893158869774292E-006   6.8087694178299357E-003  0.23644729394711766     
   2.7427424989415773E-006   6.5936304169935704E-003  0.23629371166585586     
   2.9052602092059327E-006   6.3865424025003961E-003  0.23614386978940827     
   3.0774076992107334E-006   6.1872073472347602E-003  0.23599770101989823     
   3.2597555692782382E-006   5.9953423205264924E-003  0.23585513008939668     
   3.4529082299253887E-006   5.8106775324110052E-003  0.23571607488498741     
   3.6575059052437865E-006   5.6329546635027726E-003  0.23558044759576802     
   3.8742267549874138E-006   5.4619254588060681E-003  0.23544815585002454     
   4.1037891224019372E-006   5.2973505612154579E-003  0.23531910381692264     
   4.3469539152462874E-006   5.1389985590525426E-003  0.23519319325247270     
   4.6045271278986329E-006   4.9866452215326755E-003  0.23507032447499535     
   4.8773625129065095E-006   4.8400728966003399E-003  0.23495039725967859     
   5.1663644108362837E-006   4.6990700466171568E-003  0.23483331164613622     
   5.4724907478017016E-006   4.5634308990367758E-003  0.23471896865650221     
   5.7967562106071984E-006   4.4329551911905943E-003  0.23460727092418554     
   6.1402356100302623E-006   4.3074479904143016E-003  0.23449812323606598     
   6.5040674433907963E-006   4.1867195730577855E-003  0.23439143299245258     
   6.8894576682160290E-006   4.0705853481069745E-003  0.23428711059047452     
   7.2976836995090650E-006   3.9588658133282119E-003  0.23418506973755202     
   7.7300986438705552E-006   3.8513865338297660E-003  0.23408522770188994     
   8.1881357845077969E-006   3.7479781347582110E-003  0.23398750550729266     
   8.6733133319973447E-006   3.6484763014649258E-003  0.23389182807960068     
   9.1872394565480336E-006   3.5527217818572725E-003  0.23379812435165703     
   9.7316176184442725E-006   3.4605603868487038E-003  0.23370632733384164     
   1.0308252214338031E-005   3.3718429857938392E-003  0.23361637415634359     
   1.0919054558104601E-005   3.2864254945919394E-003  0.23352820608947070     
   1.1566049216086351E-005   3.2041688548125283E-003  0.23344176854766469     
   1.2251380717723333E-005   3.1249390026847758E-003  0.23335701108258858     
   1.2977320663813644E-005   3.0486068272391519E-003  0.23327388737057486     
   1.3746275255964806E-005   2.9750481172189668E-003  0.23319235519930973     
   1.4560793272193116E-005   2.9041434966522121E-003  0.23311237645859775     
   1.5423574515106961E-005   2.8357783492770150E-003  0.23303391713985919     
   1.6337478760676553E-005   2.7698427321883991E-003  0.23295694734912317     
   1.7305535237251470E-005   2.7062312793183934E-003  0.23288144133791083     
   1.8330952666245457E-005   2.6448430955421437E-003  0.23280737755694414     
   1.9417129897769059E-005   2.5855816423785618E-003  0.23273473873707920     
   2.0567667176463180E-005   2.5283546163906716E-003  0.23266351200230079     
   2.1786378074875278E-005   2.4730738215255066E-003  0.23259368901958413     
   2.3077302133932445E-005   2.4196550367005945E-003  0.23252526619063982     
   2.4444718252409746E-005   2.3680178799762763E-003  0.23245824489057734     
   2.5893158869774294E-005   2.3180856706536078E-003  0.23239263175903599     
   2.7427424989415770E-005   2.2697852906391723E-003  0.23232843904945663     
   2.9052602092059321E-005   2.2230470462358252E-003  0.23226568504278047     
   3.0774076992107331E-005   2.1778045315409681E-003  0.23220439453224606     
   3.2597555692782391E-005   2.1339944944225812E-003  0.23214459938694779     
   3.4529082299253886E-005   2.0915567059349755E-003  0.23208633920219612     
   3.6575059052437861E-005   2.0504338338916133E-003  0.23202966204626310     
   3.8742267549874124E-005   2.0105713211750901E-003  0.23197462531378948     
   4.1037891224019368E-005   1.9719172692323076E-003  0.23192129669769990     
   4.3469539152462896E-005   1.9344223270858385E-003  0.23186975529318166     
   4.6045271278986332E-005   1.8980395860976164E-003  0.23182009284858909     
   4.8773625129065085E-005   1.8627244806304515E-003  0.23177241518075389     
   5.1663644108362827E-005   1.8284346947031909E-003  0.23172684377396979     
   5.4724907478017014E-005   1.7951300746730505E-003  0.23168351758470634     
   5.7967562106071998E-005   1.7627725479680142E-003  0.23164259507733231     
   6.1402356100302612E-005   1.7313260478653992E-003  0.23160425651883365     
   6.5040674433907973E-005   1.7007564443175865E-003  0.23156870656482598     
   6.8894576682160271E-005   1.6710314808435621E-003  0.23153617717338681     
   7.2976836995090655E-005   1.6421207175174150E-003  0.23150693088773061     
   7.7300986438705562E-005   1.6139954801258347E-003  0.23148126453494661     
   8.1881357845077949E-005   1.5866288156018982E-003  0.23145951339370435     
   8.6733133319973453E-005   1.5599954538922786E-003  0.23144205589179415     
   9.1872394565480309E-005   1.5340717764705334E-003  0.23142931890223192     
   9.7316176184442742E-005   1.5088357917754473E-003  0.23142178371666197     
   1.0308252214338033E-004   1.4842671179235232E-003  0.23141999278567593     
   1.0919054558104599E-004   1.4603469731342337E-003  0.23142455732897499     
   1.1566049216086351E-004   1.4370581743973700E-003  0.23143616593282626     
   1.2251380717723327E-004   1.4143851450320478E-003  0.23145559427029877     
   1.2977320663813644E-004   1.3923139319093373E-003  0.23148371609985302     
   1.3746275255964810E-004   1.3708322332719822E-003  0.23152151572228594     
   1.4560793272193115E-004   1.3499294382612506E-003  0.23157010210416337     
   1.5423574515106963E-004   1.3295966794908919E-003  0.23163072490969186     
   1.6337478760676546E-004   1.3098269002327968E-003  0.23170479272293032     
   1.7305535237251466E-004   1.2906149381593625E-003  0.23179389378987927  
   100000000000000000000.0   0.000000000000000000000  0.00000000000000000    
