   6.0740298027978114E+024   7140000.0000000000        0.28966422452441853     
   0.000000000000000000000   0.000000000000000000000   9.9999999999999995E-008   
   6.5040674433908012E-013   1.4999999998500002E-005   9.9999999999999995E-008
   6.8455328396344314E-013   1.5787504277417116E-005   9.9999999999999995E-008
   7.2049252665933273E-013   1.6616352755606601E-005   9.9999999999999995E-008
   7.5831858984942199E-013   1.7488716015320127E-005   9.9999999999999995E-008
   7.9813053214792471E-013   1.8406878594996062E-005   9.9999999999999995E-008
   8.4003261277455934E-013   1.9373244971991588E-005   9.9999999999999995E-008
   8.8413456458782467E-013   2.0390345859410074E-005   9.9999999999999995E-008
   9.3055188145258956E-013   2.1460844833513417E-005   9.9999999999999995E-008
   9.7940612069458120E-013   2.2587545309075797E-005   9.9999999999999995E-008
   1.0308252214338043E-012   2.3773397880945108E-005   9.9999999999999995E-008
   1.0849438396305610E-012   2.5021508051038505E-005   9.9999999999999995E-008
   1.1419037007214840E-012   2.6335144361007480E-005   9.9999999999999995E-008
   1.2018539707690609E-012   2.7717746951870005E-005   9.9999999999999995E-008
   1.2649516470966123E-012   2.9172936573025797E-005   9.9999999999999995E-008
   1.3313619694317223E-012   3.0704524064247364E-005   9.9999999999999995E-008
   1.4012588526348118E-012   3.2316520335478244E-005   9.9999999999999995E-008
   1.4748253421460877E-012   3.4013146870573281E-005   9.9999999999999995E-008
   1.5522540933435901E-012   3.5798846782488406E-005   9.9999999999999995E-008
   1.6337478760676571E-012   3.7678296448870342E-005   9.9999999999999995E-008
   1.7195201056330987E-012   3.9656417758518772E-005   9.9999999999999995E-008
   1.8097954017196338E-012   4.1738391000790372E-005   9.9999999999999995E-008
   1.9048101766042432E-012   4.3929668431700268E-005   9.9999999999999995E-008
   2.0048132542758942E-012   4.6235988552247487E-005   9.9999999999999995E-008
   2.1100665220539584E-012   4.8663391136356219E-005   9.9999999999999995E-008
   2.2208456164167847E-012   5.1218233047787933E-005   9.9999999999999995E-008
   2.3374406448364678E-012   5.3907204887445562E-005   9.9999999999999995E-008
   2.4601569455101502E-012   5.6737348514665324E-005   9.9999999999999995E-008
   2.5893158869774284E-012   5.9716075488380950E-005   9.9999999999999995E-008
   2.7252557097179085E-012   6.2851186476453635E-005   9.9999999999999995E-008
   2.8683324119328747E-012   6.6150891683996736E-005   9.9999999999999995E-008
   3.0189206818307176E-012   6.9623832354191736E-005   9.9999999999999995E-008
   3.1774148788576778E-012   7.3279103397903725E-005   9.9999999999999995E-008
   3.3442300664434182E-012   7.7126277211355453E-005   9.9999999999999995E-008
   3.5198030989660684E-012   8.1175428744235584E-005   9.9999999999999995E-008
   3.7045937657832352E-012   8.5437161883887834E-005   9.9999999999999995E-008
   3.8990859953249648E-012   8.9922637224675950E-005   9.9999999999999995E-008
   4.1037891224019369E-012   9.4643601295245957E-005   9.9999999999999995E-008
   4.3192392220476951E-012   9.9612417320225869E-005   9.9999999999999995E-008
   4.5460005133879720E-012   1.0484209759691987E-004   9.9999999999999995E-008
   4.7846668372135692E-012   1.1034633757178555E-004   9.9999999999999995E-008
   5.0358632111261893E-012   1.1613955170593085E-004   9.9999999999999995E-008
   5.3002474663299536E-012   1.2223691122355696E-004   9.9999999999999995E-008
   5.5785119703548547E-012   1.2865438384219817E-004   9.9999999999999995E-008
   5.8713854402237316E-012   1.3540877558880531E-004   9.9999999999999995E-008
   6.1796348508110037E-012   1.4251777481117772E-004   9.9999999999999995E-008
   6.5040674433908010E-012   1.4999999850000002E-004   9.9999999999999995E-008
   6.8455328396344316E-012   1.5787504104278834E-004   9.9999999999999995E-008
   7.2049252665933269E-012   1.6616352553742176E-004   9.9999999999999995E-008
   7.5831858984942213E-012   1.7488715779963494E-004   9.9999999999999995E-008
   7.9813053214792473E-012   1.8406878320590379E-004   9.9999999999999995E-008
   8.4003261277456029E-012   1.9373244652058066E-004   9.9999999999999995E-008
   8.8413456458782382E-012   2.0390345486394926E-004   9.9999999999999995E-008
   9.3055188145258839E-012   2.1460844398609683E-004   9.9999999999999995E-008
   9.7940612069458141E-012   2.2587544802015307E-004   9.9999999999999995E-008
   1.0308252214338044E-011   2.3773397289755972E-004   9.9999999999999995E-008
   1.0849438396305610E-011   2.5021507361762581E-004   9.9999999999999995E-008
   1.1419037007214841E-011   2.6335143557370757E-004   9.9999999999999995E-008
   1.2018539707690606E-011   2.7717746014898378E-004   9.9999999999999995E-008
   1.2649516470966124E-011   2.9172935480597086E-004   9.9999999999999995E-008
   1.3313619694317222E-011   3.0704522790569007E-004   9.9999999999999995E-008
   1.4012588526348118E-011   3.2316518850478311E-004   9.9999999999999995E-008
   1.4748253421460891E-011   3.4013145139190522E-004   9.9999999999999995E-008
   1.5522540933435886E-011   3.5798844763844243E-004   9.9999999999999995E-008
   1.6337478760676551E-011   3.7678294095304051E-004   9.9999999999999995E-008
   1.7195201056330988E-011   3.9656415014462017E-004   9.9999999999999995E-008
   1.8097954017196334E-011   4.1738387801455105E-004   9.9999999999999995E-008
   1.9048101766042434E-011   4.3929664701549233E-004   9.9999999999999995E-008
   2.0048132542758942E-011   4.6235984203210720E-004   9.9999999999999995E-008
   2.1100665220539586E-011   4.8663386065751681E-004   9.9999999999999995E-008
   2.2208456164167845E-011   5.1218227135897145E-004   9.9999999999999995E-008
   2.3374406448364678E-011   5.3907197994687030E-004   9.9999999999999995E-008
   2.4601569455101498E-011   5.6737340478298993E-004   9.9999999999999995E-008
   2.5893158869774312E-011   5.9716066118665947E-004   9.9999999999999995E-008
   2.7252557097179116E-011   6.2851175552168168E-004   9.9999999999999995E-008
   2.8683324119328714E-011   6.6150878947215063E-004   9.9999999999999995E-008
   3.0189206818307176E-011   6.9623817504194964E-004   9.9999999999999995E-008
   3.1774148788576779E-011   7.3279086084079045E-004   9.9999999999999995E-008
   3.3442300664434184E-011   7.7126257024918467E-004   9.9999999999999995E-008
   3.5198030989660688E-011   8.1175405208578646E-004   9.9999999999999995E-008
   3.7045937657832350E-011   8.5437134443327350E-004   9.9999999999999995E-008
   3.8990859953249643E-011   8.9922605231332396E-004   9.9999999999999995E-008
   4.1037891224019379E-011   9.4643563993747489E-004   9.9999999999999995E-008
   4.3192392220476959E-011   9.9612373829873488E-004   9.9999999999999995E-008
   4.5460005133879764E-011   1.0484204689089423E-003   9.9999999999999995E-008
   4.7846668372135650E-011   1.1034627845290296E-003   9.9999999999999995E-008
   5.0358632111261841E-011   1.1613948277837830E-003   9.9999999999999995E-008
   5.3002474663299529E-011   1.2223683085993615E-003   9.9999999999999995E-008
   5.5785119703548559E-011   1.2865429014510216E-003   9.9999999999999995E-008
   5.8713854402237328E-011   1.3540866634602047E-003   9.9999999999999995E-008
   6.1796348508110045E-011   1.4251764744345292E-003   9.9999999999999995E-008
   6.5040674433908011E-011   1.4999985000015003E-003   9.9999999999999995E-008
   6.8455328396344308E-011   1.5787486790469344E-003   9.9999999999999995E-008
   7.2049252665933275E-011   1.6616332367324794E-003   9.9999999999999995E-008
   7.5831858984942281E-011   1.7488692244331918E-003   9.9999999999999995E-008
   7.9813053214792560E-011   1.8406850880062636E-003   9.9999999999999995E-008
   8.4003261277456019E-011   1.9373212658756818E-003   9.9999999999999995E-008
   8.8413456458782375E-011   2.0390308184951036E-003   9.9999999999999995E-008
   9.3055188145258849E-011   2.1460800908327813E-003   9.9999999999999995E-008
   9.7940612069458037E-011   2.2587494096080632E-003   9.9999999999999995E-008
   1.0308252214338043E-010   2.3773338170991129E-003   9.9999999999999995E-008
   1.0849438396305610E-010   2.5021438434362116E-003   9.9999999999999995E-008
   1.1419037007214841E-010   2.6335063193946256E-003   9.9999999999999995E-008
   1.2018539707690608E-010   2.7717652318055858E-003   9.9999999999999995E-008
   1.2649516470966123E-010   2.9172826238139638E-003   9.9999999999999995E-008
   1.3313619694317221E-010   3.0704395423267082E-003   9.9999999999999995E-008
   1.4012588526348131E-010   3.2316370351174505E-003   9.9999999999999995E-008
   1.4748253421460893E-010   3.4012972001801079E-003   9.9999999999999995E-008
   1.5522540933435888E-010   3.5798642900581479E-003   9.9999999999999995E-008
   1.6337478760676552E-010   3.7678058740164820E-003   9.9999999999999995E-008
   1.7195201056330971E-010   3.9656140610704179E-003   9.9999999999999995E-008
   1.8097954017196335E-010   4.1738067870405512E-003   9.9999999999999995E-008
   1.9048101766042432E-010   4.3929291689645449E-003   9.9999999999999995E-008
   2.0048132542758943E-010   4.6235549303666260E-003   9.9999999999999995E-008
   2.1100665220539586E-010   4.8662879010634040E-003   9.9999999999999995E-008
   2.2208456164167847E-010   5.1217635953710490E-003   9.9999999999999995E-008
   2.3374406448364680E-010   5.3906508727736505E-003   9.9999999999999995E-008
   2.4601569455101525E-010   5.6736536853164770E-003   9.9999999999999995E-008
   2.5893158869774310E-010   5.9715129162007646E-003   9.9999999999999995E-008
   2.7252557097179117E-010   6.2850083142791261E-003   9.9999999999999995E-008
   2.8683324119328717E-010   6.6149605293824177E-003   9.9999999999999995E-008
   3.0189206818307147E-010   6.9622332536507479E-003   9.9999999999999995E-008
   3.1774148788576777E-010   7.3277354742926504E-003   9.9999999999999995E-008
   3.3442300664434181E-010   7.7124238434578378E-003   9.9999999999999995E-008
   3.5198030989660686E-010   8.1173051711802661E-003   9.9999999999999995E-008
   3.7045937657832346E-010   8.5434390476288886E-003   9.9999999999999995E-008
   3.8990859953249646E-010   8.9919406011941469E-003   9.9999999999999995E-008
   4.1037891224019379E-010   9.4639833992375723E-003   9.9999999999999995E-008
   4.3192392220477003E-010   9.9608024986399639E-003   9.9999999999999995E-008
   4.5460005133879764E-010   1.0483697653599440E-002   9.9999999999999995E-008
   4.7846668372135643E-010   1.1034036688453562E-002   9.9999999999999995E-008
   5.0358632111261837E-010   1.1613259043627751E-002   9.9999999999999995E-008
   5.3002474663299467E-010   1.2222879503144914E-002   9.9999999999999995E-008
   5.5785119703548494E-010   1.2864492112465396E-002   9.9999999999999995E-008
   5.8713854402237316E-010   1.3539774295760486E-002   9.9999999999999995E-008
   6.1796348508110043E-010   1.4250491182053345E-002   9.9999999999999995E-008
   6.5040674433908011E-010   1.4998500149985002E-002   9.9999999999999995E-008
   6.8455328396344315E-010   1.5785755601275216E-002   9.9999999999999995E-008
   7.2049252665933262E-010   1.6614313973243693E-002   9.9999999999999995E-008
   7.5831858984942278E-010   1.7486339001030072E-002   9.9999999999999995E-008
   7.9813053214792552E-010   1.8404107240392792E-002   9.9999999999999995E-008
   8.4003261277456011E-010   1.9370013862170354E-002   9.9999999999999995E-008
   8.8413456458782375E-010   2.0386578729640312E-002   9.9999999999999995E-008
   9.3055188145258846E-010   2.1456452770101768E-002   9.9999999999999995E-008
   9.7940612069458037E-010   2.2582424652019081E-002   9.9999999999999995E-008
   1.0308252214338043E-009   2.3767427778981720E-002   9.9999999999999995E-008
   1.0849438396305610E-009   2.5014547611536042E-002   9.9999999999999995E-008
   1.1419037007214842E-009   2.6327029327606607E-002   9.9999999999999995E-008
   1.2018539707690607E-009   2.7708285831716101E-002   9.9999999999999995E-008
   1.2649516470966121E-009   2.9161906122504480E-002   9.9999999999999995E-008
   1.3313619694317223E-009   3.0691664027096624E-002   9.9999999999999995E-008
   1.4012588526348133E-009   3.2301527309631366E-002   9.9999999999999995E-008
   1.4748253421460892E-009   3.3995667159686868E-002   9.9999999999999995E-008
   1.5522540933435886E-009   3.5778468064359449E-002   9.9999999999999995E-008
   1.6337478760676553E-009   3.7654538065298386E-002   9.9999999999999995E-008
   1.7195201056330970E-009   3.9628719398988703E-002   9.9999999999999995E-008
   1.8097954017196337E-009   4.1706099514906211E-002   9.9999999999999995E-008
   1.9048101766042430E-009   4.3892022461732266E-002   9.9999999999999995E-008
   2.0048132542758943E-009   4.6192100626480034E-002   9.9999999999999995E-008
   2.1100665220539583E-009   4.8612226804994212E-002   9.9999999999999995E-008
   2.2208456164167845E-009   5.1158586574672593E-002   9.9999999999999995E-008
   2.3374406448364681E-009   5.3837670931213000E-002   9.9999999999999995E-008
   2.4601569455101527E-009   5.6656289140485094E-002   9.9999999999999995E-008
   2.5893158869774308E-009   5.9621581743994789E-002   9.9999999999999995E-008
   2.7252557097179114E-009   6.2741033641545485E-002   9.9999999999999995E-008
   2.8683324119328716E-009   6.6022487157253687E-002   9.9999999999999995E-008
   3.0189206818307148E-009   6.9474154974653618E-002   9.9999999999999995E-008
   3.1774148788576780E-009   7.3104632802771741E-002   9.9999999999999995E-008
   3.3442300664434181E-009   7.6922911607256839E-002   9.9999999999999995E-008
   3.5198030989660684E-009   8.0938389208345021E-002   9.9999999999999995E-008
   3.7045937657832350E-009   8.5160881009967521E-002   9.9999999999999995E-008
   3.8990859953249646E-009   8.9600629580967553E-002   9.9999999999999995E-008
   4.1037891224019383E-009   9.4268312759374084E-002   9.9999999999999995E-008
   4.3192392220477000E-009   9.9175049893123077E-002   9.9999999999999995E-008
   4.5460005133879761E-009  0.10433240576456762        9.9999999999999995E-008
   4.7846668372135645E-009  0.10975239167056919        9.9999999999999995E-008
   5.0358632111261837E-009  0.11544746304382852        9.9999999999999995E-008
   5.3002474663299480E-009  0.12143051290330600        9.9999999999999995E-008
   5.5785119703548500E-009  0.12771486031096255        9.9999999999999995E-008
   5.8713854402237316E-009  0.13431423288756417        9.9999999999999995E-008
   6.1796348508110043E-009  0.14124274230094611        9.9999999999999995E-008
   6.5040674433908011E-009  0.14851485148514854        9.9999999999999995E-008
   6.8455328396344307E-009  0.15614533217771015        9.9999999999999995E-008
   7.2049252665933266E-009  0.16414921117510989        9.9999999999999995E-008
   7.5831858984942208E-009  0.17254170350346959        9.9999999999999995E-008
   7.9813053214792469E-009  0.18133813048466885        9.9999999999999995E-008
   8.4003261277455937E-009  0.19055382044965646        9.9999999999999995E-008
   8.8413456458782464E-009  0.20020398961524238        9.9999999999999995E-008
   9.3055188145258950E-009  0.21030360040431856        9.9999999999999995E-008
   9.7940612069458120E-009  0.22086719426120258        9.9999999999999995E-008
   1.0308252214338044E-008  0.23190869580573209        9.9999999999999995E-008
   1.0849438396305609E-008  0.24344118499800249        9.9999999999999995E-008
   1.1419037007214843E-008  0.25547663387108155        9.9999999999999995E-008
   1.2018539707690608E-008  0.26802560435814676        9.9999999999999995E-008
   1.2649516470966121E-008  0.28109690382620495        9.9999999999999995E-008
   1.3313619694317222E-008  0.29469719517093140        9.9999999999999995E-008
   1.4012588526348117E-008  0.30883055877394683        9.9999999999999995E-008
   1.4748253421460877E-008  0.32349800433043863        9.9999999999999995E-008
   1.5522540933435901E-008  0.33869693158398984        9.9999999999999995E-008
   1.6337478760676571E-008  0.35442054042486648        9.9999999999999995E-008
   1.7195201056330987E-008  0.37065719268856578        9.9999999999999995E-008
   1.8097954017196337E-008  0.38738973040170188        9.9999999999999995E-008
   1.9048101766042432E-008  0.40459475822195134        9.9999999999999995E-008
   2.0048132542758941E-008  0.42224190144861795        9.9999999999999995E-008
   2.1100665220539583E-008  0.44029305525009188        9.9999999999999995E-008
   2.2208456164167845E-008  0.45870164562690996        9.9999999999999995E-008
   2.3374406448364680E-008  0.47741192800216359        9.9999999999999995E-008
   2.4601569455101501E-008  0.49635835501812475        9.9999999999999995E-008
   2.5893158869774283E-008  0.51546505082916849        9.9999999999999995E-008
   2.7252557097179085E-008  0.53464543450764968        9.9999999999999995E-008
   2.8683324119328748E-008  0.55380203958661922        9.9999999999999995E-008
   3.0189206818307174E-008  0.57282657959643113        9.9999999999999995E-008
   3.1774148788576780E-008  0.59160030996211355        9.9999999999999995E-008
   3.3442300664434183E-008  0.60999473402098614        9.9999999999999995E-008
   3.5198030989660688E-008  0.62787269443602800        9.9999999999999995E-008
   3.7045937657832345E-008  0.64508988030208125        9.9999999999999995E-008
   3.8990859953249648E-008  0.66149676442360217        9.9999999999999995E-008
   4.1037891224019378E-008  0.67694096465123255        9.9999999999999995E-008
   4.3192392220476958E-008  0.69126999840829995        9.9999999999999995E-008
   4.5460005133879715E-008  0.70433437185663139        9.9999999999999995E-008
   4.7846668372135592E-008  0.71599091643225155        9.9999999999999995E-008
   5.0358632111261890E-008  0.72610625818297736        9.9999999999999995E-008
   5.3002474663299523E-008  0.73456028229177239        9.9999999999999995E-008
   5.5785119703548552E-008  0.74124943926701170        9.9999999999999995E-008
   5.8713854402237317E-008  0.74608973309268833        9.9999999999999995E-008
   6.1796348508110036E-008  0.74901923698400852        9.9999999999999995E-008
   6.5040674433908008E-008  0.75000000000000000        9.9999999999999995E-008
   6.8455328396344317E-008  0.74901923698400852        9.9999999999999995E-008
   7.2049252665933266E-008  0.74608973309268833        9.9999999999999995E-008
   7.5831858984942194E-008  0.74124943926701170        9.9999999999999995E-008
   7.9813053214792476E-008  0.73456028229177239        9.9999999999999995E-008
   8.4003261277455934E-008  0.72610625818297736        9.9999999999999995E-008
   8.8413456458782464E-008  0.71599091643225155        9.9999999999999995E-008
   9.3055188145258953E-008  0.70433437185663128        9.9999999999999995E-008
   9.7940612069458130E-008  0.69126999840829995        9.9999999999999995E-008
   1.0308252214338043E-007  0.67694096465123255        9.9999999999999995E-008
   1.0849438396305611E-007  0.66149676442360217        9.9999999999999995E-008
   1.1419037007214841E-007  0.64508988030208125        9.9999999999999995E-008
   1.2018539707690606E-007  0.62787269443602800        9.9999999999999995E-008
   1.2649516470966123E-007  0.60999473402098614        9.9999999999999995E-008
   1.3313619694317222E-007  0.59160030996211355        9.9999999999999995E-008
   1.4012588526348117E-007  0.57282657959643102        9.9999999999999995E-008
   1.4748253421460877E-007  0.55380203958661922        9.9999999999999995E-008
   1.5522540933435902E-007  0.53464543450764968        9.9999999999999995E-008
   1.6337478760676571E-007  0.51546505082916838        9.9999999999999995E-008
   1.7195201056330988E-007  0.49635835501812475        9.9999999999999995E-008
   1.8097954017196335E-007  0.47741192800216353        9.9999999999999995E-008
   1.9048101766042434E-007  0.45870164562690985        9.9999999999999995E-008
   2.0048132542758943E-007  0.44029305525009188        9.9999999999999995E-008
   2.1100665220539584E-007  0.42224190144861806        9.9999999999999995E-008
   2.2208456164167848E-007  0.40459475822195134        9.9999999999999995E-008
   2.3374406448364679E-007  0.38738973040170188        9.9999999999999995E-008
   2.4601569455101497E-007  0.37065719268856578        9.9999999999999995E-008
   2.5893158869774280E-007  0.35442054042486643        9.9999999999999995E-008
   2.7252557097179083E-007  0.33869693158398978        9.9999999999999995E-008
   2.8683324119328745E-007  0.32349800433043863        9.9999999999999995E-008
   3.0189206818307177E-007  0.30883055877394688        9.9999999999999995E-008
   3.1774148788576774E-007  0.29469719517093146        9.9999999999999995E-008
   3.3442300664434183E-007  0.28109690382620489        9.9999999999999995E-008
   3.5198030989660689E-007  0.26802560435814676        9.9999999999999995E-008
   3.7045937657832351E-007  0.25547663387108155        9.9999999999999995E-008
   3.8990859953249645E-007  0.24344118499800249        9.9999999999999995E-008
   4.1037891224019374E-007  0.23190869580573215        9.9999999999999995E-008
   4.3192392220476958E-007  0.22086719426120260        9.9999999999999995E-008
   4.5460005133879722E-007  0.21030360040431850        9.9999999999999995E-008
   4.7846668372135603E-007  0.20020398961524238        9.9999999999999995E-008
   5.0358632111261882E-007  0.19055382044965652        9.9999999999999995E-008
   5.3002474663299533E-007  0.18133813048466879        9.9999999999999995E-008
   5.5785119703548548E-007  0.17254170350346959        9.9999999999999995E-008
   5.8713854402237312E-007  0.16414921117510994        9.9999999999999995E-008
   6.1796348508110039E-007  0.15614533217771018        9.9999999999999995E-008
   6.5040674433908005E-007  0.14851485148514854        9.9999999999999995E-008
   6.8455328396344314E-007  0.14124274230094608        9.9999999999999995E-008
   7.2049252665933269E-007  0.13431423288756417        9.9999999999999995E-008
   7.5831858984942210E-007  0.12771486031096263        9.9999999999999995E-008
   7.9813053214792460E-007  0.12143051290330609        9.9999999999999995E-008
   8.4003261277455926E-007  0.11544746304382864        9.9999999999999995E-008
   8.8413456458782462E-007  0.10975239167056905        9.9999999999999995E-008
   9.3055188145258937E-007  0.10433240576456751        9.9999999999999995E-008
   9.7940612069458127E-007   9.9175049893122924E-002   9.9999999999999995E-008
   1.0308252214338044E-006   9.4268312759374057E-002   9.9999999999999995E-008
   1.0849438396305611E-006   8.9600629580967539E-002   9.9999999999999995E-008
   1.1419037007214841E-006   8.5160881009967521E-002   9.9999999999999995E-008
   1.2018539707690608E-006   8.0938389208345007E-002   9.9999999999999995E-008
   1.2649516470966124E-006   7.6922911607256839E-002   9.9999999999999995E-008
   1.3313619694317222E-006   7.3104632802771727E-002   9.9999999999999995E-008
   1.4012588526348117E-006   6.9474154974653674E-002   9.9999999999999995E-008
   1.4748253421460876E-006   6.6022487157253756E-002   9.9999999999999995E-008
   1.5522540933435902E-006   6.2741033641545430E-002   9.9999999999999995E-008
   1.6337478760676569E-006   5.9621581743994720E-002   9.9999999999999995E-008
   1.7195201056330989E-006   5.6656289140485039E-002   9.9999999999999995E-008
   1.8097954017196334E-006   5.3837670931213000E-002   9.9999999999999995E-008
   1.9048101766042433E-006   5.1158586574672586E-002   9.9999999999999995E-008
   2.0048132542758942E-006   4.8612226804994212E-002   9.9999999999999995E-008
   2.1100665220539584E-006   4.6192100626480034E-002   9.9999999999999995E-008
   2.2208456164167845E-006   4.3892022461732273E-002   9.9999999999999995E-008
   2.3374406448364682E-006   4.1706099514906204E-002   9.9999999999999995E-008
   2.4601569455101499E-006   3.9628719398988738E-002   9.9999999999999995E-008
   2.5893158869774283E-006   3.7654538065298421E-002   9.9999999999999995E-008
   2.7252557097179084E-006   3.5778468064359491E-002   9.9999999999999995E-008
   2.8683324119328743E-006   3.3995667159686833E-002   9.9999999999999995E-008
   3.0189206818307178E-006   3.2301527309631331E-002   9.9999999999999995E-008
   3.1774148788576774E-006   3.0691664027096631E-002   9.9999999999999995E-008
   3.3442300664434180E-006   2.9161906122504480E-002   9.9999999999999995E-008
   3.5198030989660688E-006   2.7708285831716105E-002   9.9999999999999995E-008
   3.7045937657832351E-006   2.6327029327606607E-002   9.9999999999999995E-008
   3.8990859953249648E-006   2.5014547611536049E-002   9.9999999999999995E-008
   4.1037891224019380E-006   2.3767427778981720E-002   9.9999999999999995E-008
   4.3192392220476958E-006   2.2582424652019106E-002   9.9999999999999995E-008
   4.5460005133879722E-006   2.1456452770101785E-002   9.9999999999999995E-008
   4.7846668372135590E-006   2.0386578729640333E-002   9.9999999999999995E-008
   5.0358632111261893E-006   1.9370013862170334E-002   9.9999999999999995E-008
   5.3002474663299529E-006   1.8404107240392775E-002   9.9999999999999995E-008
   5.5785119703548560E-006   1.7486339001030051E-002   9.9999999999999995E-008
   5.8713854402237318E-006   1.6614313973243693E-002   9.9999999999999995E-008
   6.1796348508110045E-006   1.5785755601275209E-002   9.9999999999999995E-008
   6.5040674433908005E-006   1.4998500149985002E-002   9.9999999999999995E-008
   6.8455328396344312E-006   1.4250491182053340E-002   9.9999999999999995E-008
   7.2049252665933265E-006   1.3539774295760490E-002   9.9999999999999995E-008
   7.5831858984942208E-006   1.2864492112465408E-002   9.9999999999999995E-008
   7.9813053214792473E-006   1.2222879503144927E-002   9.9999999999999995E-008
   8.4003261277455934E-006   1.1613259043627764E-002   9.9999999999999995E-008
   8.8413456458782459E-006   1.1034036688453552E-002   9.9999999999999995E-008
   9.3055188145258948E-006   1.0483697653599430E-002   9.9999999999999995E-008
   9.7940612069458123E-006   9.9608024986399535E-003   9.9999999999999995E-008
   1.0308252214338043E-005   9.4639833992375723E-003   9.9999999999999995E-008
   1.0849438396305610E-005   8.9919406011941452E-003   9.9999999999999995E-008
   1.1419037007214842E-005   8.5434390476288868E-003   9.9999999999999995E-008
   1.2018539707690607E-005   8.1173051711802661E-003   9.9999999999999995E-008
   1.2649516470966121E-005   7.7124238434578378E-003   9.9999999999999995E-008
   1.3313619694317223E-005   7.3277354742926487E-003   9.9999999999999995E-008
   1.4012588526348117E-005   6.9622332536507549E-003   9.9999999999999995E-008
   1.4748253421460876E-005   6.6149605293824246E-003   9.9999999999999995E-008
   1.5522540933435904E-005   6.2850083142791183E-003   9.9999999999999995E-008
   1.6337478760676570E-005   5.9715129162007594E-003   9.9999999999999995E-008
   1.7195201056330988E-005   5.6736536853164710E-003   9.9999999999999995E-008
   1.8097954017196337E-005   5.3906508727736505E-003   9.9999999999999995E-008
   1.9048101766042433E-005   5.1217635953710481E-003   9.9999999999999995E-008
   2.0048132542758942E-005   4.8662879010634040E-003   9.9999999999999995E-008
   2.1100665220539587E-005   4.6235549303666260E-003   9.9999999999999995E-008
   2.2208456164167845E-005   4.3929291689645449E-003   9.9999999999999995E-008
   2.3374406448364677E-005   4.1738067870405512E-003   9.9999999999999995E-008
   2.4601569455101499E-005   3.9656140610704214E-003   9.9999999999999995E-008
   2.5893158869774284E-005   3.7678058740164846E-003   9.9999999999999995E-008
   2.7252557097179087E-005   3.5798642900581506E-003   9.9999999999999995E-008
   2.8683324119328747E-005   3.4012972001801036E-003   9.9999999999999995E-008
   3.0189206818307175E-005   3.2316370351174470E-003   9.9999999999999995E-008
   3.1774148788576773E-005   3.0704395423267082E-003   9.9999999999999995E-008
   3.3442300664434182E-005   2.9172826238139634E-003   9.9999999999999995E-008
   3.5198030989660684E-005   2.7717652318055854E-003   9.9999999999999995E-008
   3.7045937657832348E-005   2.6335063193946252E-003   9.9999999999999995E-008
   3.8990859953249646E-005   2.5021438434362116E-003   9.9999999999999995E-008
   4.1037891224019375E-005   2.3773338170991129E-003   9.9999999999999995E-008
   4.3192392220476958E-005   2.2587494096080653E-003   9.9999999999999995E-008
   4.5460005133879719E-005   2.1460800908327834E-003   9.9999999999999995E-008
   4.7846668372135600E-005   2.0390308184951053E-003   9.9999999999999995E-008
   5.0358632111261888E-005   1.9373212658756796E-003   9.9999999999999995E-008
   5.3002474663299529E-005   1.8406850880062615E-003   9.9999999999999995E-008
   5.5785119703548548E-005   1.7488692244331896E-003   9.9999999999999995E-008
   5.8713854402237320E-005   1.6616332367324791E-003   9.9999999999999995E-008
   6.1796348508110042E-005   1.5787486790469346E-003   9.9999999999999995E-008
   6.5040674433908014E-005   1.4999985000015003E-003   9.9999999999999995E-008
   6.8455328396344319E-005   1.4251764744345292E-003   9.9999999999999995E-008
   7.2049252665933275E-005   1.3540866634602041E-003   9.9999999999999995E-008
   7.5831858984942217E-005   1.2865429014510211E-003   9.9999999999999995E-008
   7.9813053214792466E-005   1.2223683085993615E-003   9.9999999999999995E-008
   8.4003261277455931E-005   1.1613948277837841E-003   9.9999999999999995E-008
   8.8413456458782280E-005   1.1034627845290306E-003   9.9999999999999995E-008
   9.3055188145258741E-005   1.0484204689089436E-003   9.9999999999999995E-008
   9.7940612069457930E-005   9.9612373829873683E-004   9.9999999999999995E-008
   1.0308252214338022E-004   9.4643563993747674E-004   9.9999999999999995E-008
   1.0849438396305587E-004   8.9922605231332591E-004   9.9999999999999995E-008
   1.1419037007214818E-004   8.5437134443327512E-004   9.9999999999999995E-008
   1.2018539707690631E-004   8.1175405208578472E-004   9.9999999999999995E-008
   1.2649516470966148E-004   7.7126257024918293E-004   9.9999999999999995E-008
   1.3313619694317250E-004   7.3279086084078872E-004   9.9999999999999995E-008
   1.4012588526348145E-004   6.9623817504194834E-004   9.9999999999999995E-008
   1.4748253421460909E-004   6.6150878947214998E-004   9.9999999999999995E-008
   1.5522540933435904E-004   6.2851175552168092E-004   9.9999999999999995E-008
   1.6337478760676568E-004   5.9716066118665882E-004   9.9999999999999995E-008
   1.7195201056330987E-004   5.6737340478299004E-004   9.9999999999999995E-008
   1.8097954017196337E-004   5.3907197994687019E-004   9.9999999999999995E-008
   1.9048101766042433E-004   5.1218227135897145E-004   9.9999999999999995E-008
   2.0048132542758944E-004   4.8663386065751676E-004   9.9999999999999995E-008
   2.1100665220539586E-004   4.6235984203210720E-004   9.9999999999999995E-008
   2.2208456164167845E-004   4.3929664701549233E-004   9.9999999999999995E-008
   2.3374406448364681E-004   4.1738387801455094E-004   9.9999999999999995E-008
   2.4601569455101499E-004   3.9656415014462017E-004   9.9999999999999995E-008
   2.5893158869774279E-004   3.7678294095304100E-004   9.9999999999999995E-008
   2.7252557097179092E-004   3.5798844763844270E-004   9.9999999999999995E-008
   2.8683324119328687E-004   3.4013145139190554E-004   9.9999999999999995E-008
   3.0189206818307117E-004   3.2316518850478365E-004   9.9999999999999995E-008
   3.1774148788576707E-004   3.0704522790569078E-004   9.9999999999999995E-008
   3.3442300664434114E-004   2.9172935480597145E-004   9.9999999999999995E-008
   3.5198030989660615E-004   2.7717746014898432E-004   9.9999999999999995E-008
   3.7045937657832425E-004   2.6335143557370709E-004   9.9999999999999995E-008
   3.8990859953249728E-004   2.5021507361762532E-004   9.9999999999999995E-008
   4.1037891224019460E-004   2.3773397289755924E-004   9.9999999999999995E-008
   4.3192392220477047E-004   2.2587544802015258E-004   9.9999999999999995E-008
   4.5460005133879811E-004   2.1460844398609662E-004   9.9999999999999995E-008
   4.7846668372135697E-004   2.0390345486394907E-004   9.9999999999999995E-008
   5.0358632111261890E-004   1.9373244652058045E-004   9.9999999999999995E-008
   5.3002474663299526E-004   1.8406878320590374E-004   9.9999999999999995E-008
   5.5785119703548553E-004   1.7488715779963494E-004   9.9999999999999995E-008
   5.8713854402237323E-004   1.6616352553742173E-004   9.9999999999999995E-008
   6.1796348508110042E-004   1.5787504104278834E-004   9.9999999999999995E-008
   6.5040674433908003E-004   1.4999999850000002E-004   9.9999999999999995E-008
   6.8455328396344311E-004   1.4251777481117777E-004   9.9999999999999995E-008
   7.2049252665933267E-004   1.3540877558880531E-004   9.9999999999999995E-008
   7.5831858984942203E-004   1.2865438384219817E-004   9.9999999999999995E-008
   7.9813053214792466E-004   1.2223691122355694E-004   9.9999999999999995E-008
   8.4003261277455928E-004   1.1613955170593085E-004   9.9999999999999995E-008
   8.8413456458782285E-004   1.1034633757178556E-004   9.9999999999999995E-008
   9.3055188145258752E-004   1.0484209759692008E-004   9.9999999999999995E-008
   9.7940612069457927E-004   9.9612417320226100E-005   9.9999999999999995E-008
   1.0308252214338020E-003   9.4643601295246187E-005   9.9999999999999995E-008
   1.0849438396305588E-003   8.9922637224676112E-005   9.9999999999999995E-008
   1.1419037007214818E-003   8.5437161883887997E-005   9.9999999999999995E-008
   1.2018539707690631E-003   8.1175428744235408E-005   9.9999999999999995E-008
   1.2649516470966148E-003   7.7126277211355304E-005   9.9999999999999995E-008
   1.3313619694317249E-003   7.3279103397903562E-005   9.9999999999999995E-008
   1.4012588526348146E-003   6.9623832354191587E-005   9.9999999999999995E-008
   1.4748253421460907E-003   6.6150891683996600E-005   9.9999999999999995E-008
   1.5522540933435901E-003   6.2851186476453648E-005   9.9999999999999995E-008
   1.6337478760676571E-003   5.9716075488380929E-005   9.9999999999999995E-008
   1.7195201056330988E-003   5.6737348514665311E-005   9.9999999999999995E-008
   1.8097954017196336E-003   5.3907204887445562E-005   9.9999999999999995E-008
   1.9048101766042432E-003   5.1218233047787926E-005   9.9999999999999995E-008
   2.0048132542758944E-003   4.8663391136356212E-005   9.9999999999999995E-008
   2.1100665220539585E-003   4.6235988552247487E-005   9.9999999999999995E-008
   2.2208456164167843E-003   4.3929668431700275E-005   9.9999999999999995E-008
   2.3374406448364677E-003   4.1738391000790372E-005   9.9999999999999995E-008
   2.4601569455101496E-003   3.9656417758518772E-005   9.9999999999999995E-008
   2.5893158869774282E-003   3.7678296448870335E-005   9.9999999999999995E-008
   2.7252557097179088E-003   3.5798846782488399E-005   9.9999999999999995E-008
   2.8683324119328688E-003   3.4013146870573349E-005   9.9999999999999995E-008
   3.0189206818307113E-003   3.2316520335478298E-005   9.9999999999999995E-008
   3.1774148788576715E-003   3.0704524064247425E-005   9.9999999999999995E-008
   3.3442300664434117E-003   2.9172936573025844E-005   9.9999999999999995E-008
   3.5198030989660616E-003   2.7717746951870052E-005   9.9999999999999995E-008
   3.7045937657832423E-003   2.6335144361007422E-005   9.9999999999999995E-008
   3.8990859953249727E-003   2.5021508051038451E-005   9.9999999999999995E-008
   4.1037891224019463E-003   2.3773397880945053E-005   9.9999999999999995E-008
   4.3192392220477048E-003   2.2587545309075749E-005   9.9999999999999995E-008
   4.5460005133879811E-003   2.1460844833513370E-005   9.9999999999999995E-008
   4.7846668372135692E-003   2.0390345859410033E-005   9.9999999999999995E-008
   5.0358632111261892E-003   1.9373244971991588E-005   9.9999999999999995E-008
   5.3002474663299531E-003   1.8406878594996066E-005   9.9999999999999995E-008
   5.5785119703548559E-003   1.7488716015320127E-005   9.9999999999999995E-008
   5.8713854402237323E-003   1.6616352755606594E-005   9.9999999999999995E-008
   6.1796348508110039E-003   1.5787504277417116E-005   9.9999999999999995E-008
   6.5040674433908012E-003   1.4999999998499998E-005   9.9999999999999995E-008
