   2.9887125923483934E+025   9908000.0000000000       0.31912118622719654     
   0.000000000000000000000   0.000000000000000000000  0.85738378492821210
   6.1187982223076042E-016   1.6227887763431727E-002  0.85738378492821210     
   6.4813598105875088E-016   1.7125145765697482E-002  0.85709105556524001     
   6.8654045235791632E-016   1.8065640953877884E-002  0.85676700177007414     
   7.2722053164502448E-016   1.9050428225177440E-002  0.85640860125071894     
   7.7031105717040139E-016   2.0080412195524883E-002  0.85601261393211570     
   8.1595485685300388E-016   2.1156313542615143E-002  0.85557558305138925     
   8.6430322169804654E-016   2.2278632050343521E-002  0.85509384084351814     
   9.1551640726638495E-016   2.3447606578125342E-002  0.85456351984498502     
   9.6976416485784691E-016   2.4663172388786569E-002  0.85398057096522684     
   1.0272263041691179E-015   2.5924916493612251E-002  0.85334078949150871     
   1.0880932892912378E-015   2.7232031976458945E-002  0.85263985024162814     
   1.1525668700221539E-015   2.8583272582868951E-002  0.85187335302315348     
   1.2208607505868908E-015   2.9976909243507696E-002  0.85103687941389883     
   1.2932012979819058E-015   3.1410690601292472E-002  0.85012606165585303     
   1.3698282922914403E-015   3.2881810027494685E-002  0.84913666407827837     
   1.4509957214629533E-015   3.4386882000400555E-002  0.84806467693800136     
   1.5369726231759423E-015   3.5921931054623504E-002  0.84690642190037602     
   1.6280439765946210E-015   3.7482396729500697E-002  0.84565866752060270     
   1.7245116469603008E-015   3.9063158002555241E-002  0.84431875211516794     
   1.8266953861543215E-015   4.0658580519632927E-002  0.84288471028555789     
   1.9349338925481329E-015   4.2262589477908757E-002  0.84135539822322680     
   2.0495859336534040E-015   4.3868770222199184E-002  0.83973061181223763     
   2.1710315352933322E-015   4.5470497461659917E-002  0.83801119059949458     
   2.2996732412368333E-015   4.7061092495330123E-002  0.83619910004716935     
   2.4359374474706472E-015   4.8634006019396242E-002  0.83429748427087935     
   2.5802758155321421E-015   5.0183022060140331E-002  0.83231068182257206     
   2.7331667695872904E-015   5.1702476490574287E-002  0.83024419808953276     
   2.8951170822161049E-015   5.3187481632200662E-002  0.82810462957088427     
   3.0666635541618149E-015   5.4634146874212058E-002  0.82589953770037750     
   3.2483747936113298E-015   5.6039784207926463E-002  0.82363727271144471     
   3.4408531009048106E-015   5.7403087345523400E-002  0.82132675125394605     
   3.6447364649212496E-015   5.8724273719274647E-002  0.81897719463411289     
   3.8607006777573233E-015   6.0005180199666483E-002  0.81659783740482206     
   4.0894615747089337E-015   6.1249305731658737E-002  0.81419761824205095     
   4.3317774069798224E-015   6.2461797047615612E-002  0.81178486637186775     
   4.5884513549821974E-015   6.3649376940069502E-002  0.80936699704263182     
   4.8603341905596762E-015   6.4820217871662686E-002  0.80695022875449773     
   5.1483270969568629E-015   6.5983766669886382E-002  0.80453933314658432     
   5.4533846558827379E-015   6.7150528421797834E-002  0.80213742593722359     
   5.7765180115684628E-015   6.8331819203794053E-002  0.79974580435868325     
   6.1187982223076046E-015   6.9539497927259983E-002  0.79736383347746020     
   6.4813598105875082E-015   7.0785687310781706E-002  0.79498888098147735     
   6.8654045235791628E-015   7.2082493001794520E-002  0.79261629769850506     
   7.2722053164502450E-015   7.3441728287917299E-002  0.79023943943796859     
   7.7031105717040135E-015   7.4874649950623179E-002  0.78784972484333948     
   8.1595485685300390E-015   7.6391708834987859E-002  0.78543672377392748     
   8.6430322169804644E-015   7.8002316857242265E-002  0.78298827118615999     
   9.1551640726638495E-015   7.9714630625268512E-002  0.78049060250684299     
   9.6976416485784703E-015   8.1535350716208044E-002  0.77792850781012213     
   1.0272263041691175E-014   8.3469535036897871E-002  0.77528550366956039     
   1.0880932892912378E-014   8.5520424565014366E-002  0.77254402309309500     
   1.1525668700221539E-014   8.7689280173765080E-002  0.76968562538372898     
   1.2208607505868906E-014   8.9975230080203625E-002  0.76669122892457253     
   1.2932012979819061E-014   9.2375128712810728E-002  0.76354137065860450     
   1.3698282922914402E-014   9.4883429323067217E-002  0.76021649631490862     
   1.4509957214629534E-014   9.7492074437503490E-002  0.75669728513008416     
   1.5369726231759424E-014  0.10019041004184012       0.75296501183520925     
   1.6280439765946213E-014  0.10296513115070115       0.74900194699905254     
   1.7245116469603007E-014  0.10580026792184265       0.74479179436366361     
   1.8266953861543217E-014  0.10867722250699090       0.74032016066045148     
   1.9349338925481331E-014  0.11157486727645778       0.73557504958391817     
   2.0495859336534037E-014  0.11446971457827956       0.73054736734531611     
   2.1710315352933321E-014  0.11733616670720289       0.72523142278567809     
   2.2996732412368330E-014  0.12014685210232760       0.71962540075600545     
   2.4359374474706474E-014  0.12287304987786760       0.71373178391533676     
   2.5802758155321421E-014  0.12548519982808776       0.70755769565972715     
   2.7331667695872908E-014  0.12795348912590165       0.70111513627589683     
   2.8951170822161049E-014  0.13024850059946233       0.69442108596738605     
   3.0666635541618149E-014  0.13234190122511544       0.68749745248808081     
   3.2483747936113296E-014  0.13420714398361647       0.68037084786890112     
   3.4408531009048103E-014  0.13582015226168467       0.67307218774766420     
   3.6447364649212494E-014  0.13715995407418946       0.66563611771964792     
   3.8607006777573241E-014  0.13820923407366889       0.65810028283473698     
   4.0894615747089324E-014  0.13895477471737933       0.65050446783528826     
   4.3317774069798219E-014  0.13938776393544697       0.64288964568756335     
   4.5884513549821982E-014  0.13950395467322166       0.63529697923751360     
   4.8603341905596751E-014  0.13930367096821153       0.62776682462790023     
   5.1483270969568627E-014  0.13879166482465130       0.62033778481965840     
   5.4533846558827390E-014  0.13797683706667285       0.61304585747498508     
   5.7765180115684621E-014  0.13687184273451722       0.60592371366443631     
   6.1187982223076043E-014  0.13549260680220959       0.59900013378385453     
   6.4813598105875092E-014  0.13385777876172530       0.59229961544132048     
   6.8654045235791636E-014  0.13198815494959862       0.58584215638429393     
   7.2722053164502447E-014  0.12990609569211911       0.57964320478261799     
   7.7031105717040128E-014  0.12763496088645629       0.57371376028664633     
   8.1595485685300381E-014  0.12519858315757354       0.56806060281058113     
   8.6430322169804666E-014  0.12262079275189276       0.56268662207727971     
   9.1551640726638492E-014  0.11992500343752048       0.55759121963551350     
   9.6976416485784694E-014  0.11713386413163722       0.55277075576989099     
   1.0272263041691177E-013  0.11426897718933418       0.54821901628718406     
   1.0880932892912377E-013  0.11135068118532551       0.54392767767774786     
   1.1525668700221538E-013  0.10839789386888803       0.53988675350415316     
   1.2208607505868907E-013  0.10542800935323123       0.53608500907542056     
   1.2932012979819061E-013  0.10245684284755445       0.53251033579125551     
   1.3698282922914400E-013   9.9498615792604536E-002  0.52915008010551356     
   1.4509957214629534E-013   9.6565974469691035E-002  0.52599132535552251     
   1.5369726231759426E-013   9.3670035315336075E-002  0.52302112693810843     
   1.6280439765946210E-013   9.0820450855758864E-002  0.52022670332472465     
   1.7245116469603008E-013   8.8025490693883102E-002  0.51759558647732262     
   1.8266953861543216E-013   8.5292132838741944E-002  0.51511573613708017     
   1.9349338925481331E-013   8.2626161196319242E-002  0.51277562257699671     
   2.0495859336534035E-013   8.0032265860795079E-002  0.51056428261032605     
   2.1710315352933325E-013   7.7514143372896013E-002  0.50847135330151449     
   2.2996732412368332E-013   7.5074594838850650E-002  0.50648708765661798     
   2.4359374474706471E-013   7.2715620160418659E-002  0.50460235594684044     
   2.5802758155321413E-013   7.0438507192228147E-002  0.50280863602626213     
   2.7331667695872905E-013   6.8243914933973415E-002  0.50109799540405686     
   2.8951170822161046E-013   6.6131950320666225E-002  0.49946306756054998     
   3.0666635541618146E-013   6.4102238300338593E-002  0.49789702439641748     
   3.2483747936113299E-013   6.2153985194241035E-002  0.49639354650159989     
   3.4408531009048106E-013   6.0286035438682301E-002  0.49494679248108964     
   3.6447364649212493E-013   5.8496922051512995E-002  0.49355136847166536     
   3.8607006777573243E-013   5.6784911159493391E-002  0.49220229856040193     
   4.0894615747089328E-013   5.5148041055383797E-002  0.49089499676924125     
   4.3317774069798227E-013   5.3584156272047843E-002  0.48962524097831811     
   4.5884513549821972E-013   5.2090937278048338E-002  0.48838914919026877     
   4.8603341905596752E-013   5.0665926354616156E-002  0.48718315823405201     
   5.1483270969568616E-013   4.9306550214752561E-002  0.48600400500020796     
   5.4533846558827387E-013   4.8010139999655463E-002  0.48484871021275694     
   5.7765180115684631E-013   4.6773949162244990E-002  0.48371456457605205     
   6.1187982223076048E-013   4.5595169891455838E-002  0.48259911719567378     
   6.4813598105875084E-013   4.4470948480655248E-002  0.48150016591464423     
   6.8654045235791638E-013   4.3398400180304823E-002  0.48041574932167608     
   7.2722053164502449E-013   4.2374623835917592E-002  0.47934413994405384     
   7.7031105717040138E-013   4.1396716750026569E-002  0.47828383834650356     
   8.1595485685300381E-013   4.0461789856553014E-002  0.47723356752039015     
   8.6430322169804656E-013   3.9566983381723639E-002  0.47619226718383434     
   9.1551640726638471E-013   3.8709482967985029E-002  0.47515908750040581     
   9.6976416485784711E-013   3.7886536150030597E-002  0.47413338181108772     
   1.0272263041691177E-012   3.7095468967878326E-002  0.47311469801179784     
   1.0880932892912377E-012   3.6333702382053315E-002  0.47210276829086750     
   1.1525668700221539E-012   3.5598768125229732E-002  0.47109749708108078     
   1.2208607505868906E-012   3.4888323533006443E-002  0.47009894713919298     
   1.2932012979819060E-012   3.4200164954088126E-002  0.46910732390162702     
   1.3698282922914403E-012   3.3532239265496859E-002  0.46812295822791095     
   1.4509957214629534E-012   3.2882653157431246E-002  0.46714628790587542     
   1.5369726231759425E-012   3.2249679873505258E-002  0.46617783827437576     
   1.6280439765946211E-012   3.1631763230310396E-002  0.46521820245434659     
   1.7245116469603007E-012   3.1027518840471696E-002  0.46426802165680409     
   1.8266953861543218E-012   3.0435732568979423E-002  0.46332796603262810     
   1.9349338925481334E-012   2.9855356381599432E-002  0.46239871657144094     
   2.0495859336533993E-012   2.9285501826018998E-002  0.46148094829467162     
   2.1710315352933370E-012   2.8725431465835331E-002  0.46057531528141987     
   2.2996732412368327E-012   2.8174548638453322E-002  0.45968243752621807     
   2.4359374474706476E-012   2.7632385925292432E-002  0.45880288987752149     
   2.5802758155321420E-012   2.7098592731145305E-002  0.45793719307527286     
   2.7331667695872850E-012   2.6572922349652483E-002  0.45708580685635958     
   2.8951170822161106E-012   2.6055218858408440E-002  0.45624912501983306     
   3.0666635541618149E-012   2.5545404137433017E-002  0.45542747235683700     
   3.2483747936113301E-012   2.5043465277895020E-002  0.45462110320849114     
   3.4408531009048108E-012   2.4549442567238386E-002  0.45383020150346598     
   3.6447364649212417E-012   2.4063418219060898E-002  0.45305488205796590     
   3.8607006777573313E-012   2.3585505950985661E-002  0.45229519295065146     
   4.0894615747089325E-012   2.3115841512028223E-002  0.45155111874187259     
   4.3317774069798224E-012   2.2654574156907609E-002  0.45082258442860257     
   4.5884513549821976E-012   2.2201859136554602E-002  0.45010945989129852     
   4.8603341905596653E-012   2.1757851171572858E-002  0.44941156472269667     
   5.1483270969568721E-012   2.1322698895620950E-002  0.44872867328483795     
   5.4533846558827383E-012   2.0896540234215798E-002  0.44806051987843754     
   5.7765180115684631E-012   2.0479498632575907E-002  0.44740680392564353     
   6.1187982223076046E-012   2.0071680191352383E-002  0.44676719501775303     
   6.4813598105874955E-012   1.9673171455294132E-002  0.44614133783851456     
   6.8654045235791771E-012   1.9284037948857941E-002  0.44552885681840210     
   7.2722053164502445E-012   1.8904323301986440E-002  0.44492936049382015     
   7.7031105717040130E-012   1.8534048902280477E-002  0.44434244554297692     
   8.1595485685300383E-012   1.8173213995017583E-002  0.44376770045286534     
   8.6430322169804471E-012   1.7821796151663294E-002  0.44320470881049195     
   9.1551640726638689E-012   1.7479752031763690E-002  0.44265305221133888     
   9.6976416485784691E-012   1.7147018367968433E-002  0.44211231279105012     
   1.0272263041691177E-011   1.6823513107680547E-002  0.44158207538838384     
   1.0880932892912378E-011   1.6509136633848787E-002  0.44106192936188265     
   1.1525668700221517E-011   1.6203773079773252E-002  0.44055147009965795     
   1.2208607505868933E-011   1.5907291577561287E-002  0.44005030021969577     
   1.2932012979819061E-011   1.5619547505611795E-002  0.43955803052837567     
   1.3698282922914402E-011   1.5340383651497995E-002  0.43907428075079336     
   1.4509957214629532E-011   1.5069631281869954E-002  0.43859868008566216     
   1.5369726231759394E-011   1.4807111096163910E-002  0.43813086760991837     
   1.6280439765946247E-011   1.4552634056129289E-002  0.43767049257742424     
   1.7245116469603010E-011   1.4306002087638882E-002  0.43721721464855073     
   1.8266953861543218E-011   1.4067008652663464E-002  0.43677070408010604     
   1.9349338925481334E-011   1.3835439206127540E-002  0.43633064191889559     
   2.0495859336533997E-011   1.3611071544358692E-002  0.43589672021854098     
   2.1710315352933371E-011   1.3393676067062151E-002  0.43546864231231658     
   2.2996732412368330E-011   1.3183015976275978E-002  0.43504612316360913     
   2.4359374474706472E-011   1.2978847437751212E-002  0.43462888980869824     
   2.5802758155321416E-011   1.2780919741228001E-002  0.43421668190956658     
   2.7331667695872848E-011   1.2588975489089214E-002  0.43380925241541929     
   2.8951170822161107E-011   1.2402750852559125E-002  0.43340636833276924     
   3.0666635541618147E-011   1.2221975931642709E-002  0.43300781160123580     
   3.2483747936113293E-011   1.2046375254113615E-002  0.43261338002196792     
   3.4408531009048108E-011   1.1875668448390020E-002  0.43222288829767608     
   3.6447364649212424E-011   1.1709571114417710E-002  0.43183616902526506     
   3.8607006777573318E-011   1.1547795918134214E-002  0.43145307370091196     
   4.0894615747089324E-011   1.1390053915250553E-002  0.43107347363795684     
   4.3317774069798224E-011   1.1236056113691687E-002  0.43069726076555770     
   4.5884513549821979E-011   1.1085515256053015E-002  0.43032434824019883     
   4.8603341905596658E-011   1.0938147801793441E-002  0.42995467082412298     
   5.1483270969568737E-011   1.0793676071696864E-002  0.42958818497999157     
   5.4533846558827384E-011   1.0651830503032096E-002  0.42922486863765180     
   5.7765180115684635E-011   1.0512351959054984E-002  0.42886472060799902     
   6.1187982223076054E-011   1.0374994020085179E-002  0.42850775961939430     
   6.4813598105874960E-011   1.0239525184682264E-002  0.42815402297846744     
   6.8654045235791768E-011   1.0105730905420395E-002  0.42780356486846310     
   7.2722053164502453E-011   9.9734153861426103E-003  0.42745645431505169     
   7.7031105717040134E-011   9.8424030770447469E-003  0.42711277286894267     
   8.1595485685300377E-011   9.7125398103899349E-003  0.42677261206135420     
   8.6430322169804474E-011   9.5836935369344942E-003  0.42643607070590733     
   9.1551640726638696E-011   9.4557546377684598E-003  0.42610325212453665     
   9.6976416485784688E-011   9.3286358032028012E-003  0.42577426137677793     
   1.0272263041691177E-010   9.2022714847365544E-003  0.42544920257922941     
   1.0880932892912378E-010   9.0766169773001792E-003  0.42512817636368744     
   1.1525668700221514E-010   8.9516470909595160E-003  0.42481127759674908     
   1.2208607505868932E-010   8.8273545779309244E-003  0.42449859334092443     
   1.2932012979819061E-010   8.7037482898718599E-003  0.42419020114809536     
   1.3698282922914400E-010   8.5808511672528006E-003  0.42388616769908138     
   1.4509957214629532E-010   8.4586981232350235E-003  0.42358654779196719     
   1.5369726231759393E-010   8.3373338876060049E-003  0.42329138368231145     
   1.6280439765946245E-010   8.2168108722051603E-003  0.42300070475781371     
   1.7245116469603008E-010   8.0971871111682834E-003  0.42271452752419864     
   1.8266953861543220E-010   7.9785243237164311E-003  0.42243285586119411     
   1.9349338925481333E-010   7.8608861312712119E-003  0.42215568152198213     
   2.0495859336533997E-010   7.7443364589337852E-003  0.42188298482267078     
   2.1710315352933369E-010   7.6289381357145785E-003  0.42161473548503292     
   2.2996732412368332E-010   7.5147517018622472E-003  0.42135089358974681     
   2.4359374474706473E-010   7.4018344237853934E-003  0.42109141060106203     
   2.5802758155321421E-010   7.2902395080162025E-003  0.42083623042999979     
   2.7331667695872850E-010   7.1800155096913617E-003  0.42058529049838644     
   2.8951170822161109E-010   7.0712059097054530E-003  0.42033852278916928     
   3.0666635541618148E-010   6.9638488525486722E-003  0.42009585485177731     
   3.2483747936113293E-010   6.8579770210742937E-003  0.41985721075138815     
   3.4408531009048104E-010   6.7536176295820436E-003  0.41962251194922084     
   3.6447364649212421E-010   6.6507925158789394E-003  0.41939167810585415     
   3.8607006777573319E-010   6.5495183138454954E-003  0.41916462780357311     
   4.0894615747089329E-010   6.4498066893092353E-003  0.41894127918594026     
   4.3317774069798225E-010   6.3516646238537420E-003  0.41872155051567966     
   4.5884513549821974E-010   6.2550947306586327E-003  0.41850536065397537     
   4.8603341905596664E-010   6.1600955963202458E-003  0.41829262946442564     
   5.1483270969568723E-010   6.0666621288825769E-003  0.41808327814838409     
   5.4533846558827378E-010   5.9747859118083535E-003  0.41787722951612138     
   5.7765180115684633E-010   5.8844555530094527E-003  0.41767440820068796     
   6.1187982223076051E-010   5.7956570241790755E-003  0.41747474082055086     
   6.4813598105874960E-010   5.7083739861850330E-003  0.41727815609719388     
   6.8654045235791786E-010   5.6225880974303784E-003  0.41708458493360490     
   7.2722053164502440E-010   5.5382793030431038E-003  0.41689396045913435     
   7.7031105717040131E-010   5.4554261035812766E-003  0.41670621804602748     
   8.1595485685300377E-010   5.3740058026059568E-003  0.41652129530224252     
   8.6430322169804471E-010   5.2939947330128490E-003  0.41633913204473250     
   9.1551640726638686E-010   5.2153684624531016E-003  0.41615967025716327     
   9.6976416485784716E-010   5.1381019784836439E-003  0.41598285403518503     
   1.0272263041691177E-009   5.0621698543495582E-003  0.41580862952228570     
   1.0880932892912378E-009   4.9875463965471274E-003  0.41563694483878660     
   1.1525668700221515E-009   4.9142057743986976E-003  0.41546775000454172     
   1.2208607505868930E-009   4.8421221357490638E-003  0.41530099686200411     
   1.2932012979819060E-009   4.7712697055830510E-003  0.41513663899375008     
   1.3698282922914403E-009   4.7016228725836797E-003  0.41497463164169396     
   1.4509957214629533E-009   4.6331562631458188E-003  0.41481493162658661     
   1.5369726231759393E-009   4.5658448043261858E-003  0.41465749726875900     
   1.6280439765946246E-009   4.4996637768321872E-003  0.41450228831083730     
   1.7245116469603009E-009   4.4345888590924133E-003  0.41434926584312082     
   1.8266953861543218E-009   4.3705961633692929E-003  0.41419839223151339     
   1.9349338925481330E-009   4.3076622648136739E-003  0.41404963104861670     
   2.0495859336533995E-009   4.2457642242807970E-003  0.41390294700807717     
   2.1710315352933365E-009   4.1848796056575960E-003  0.41375830590213791     
   2.2996732412368329E-009   4.1249864883843752E-003  0.41361567454252329     
   2.4359374474706473E-009   4.0660634757852315E-003  0.41347502070460074     
   2.5802758155321420E-009   4.0080896997664742E-003  0.41333631307479690     
   2.7331667695872851E-009   3.9510448223784595E-003  0.41319952120117609     
   2.8951170822161108E-009   3.8949090346868929E-003  0.41306461544701967     
   3.0666635541618150E-009   3.8396630530873198E-003  0.41293156694771954     
   3.2483747936113296E-009   3.7852881150396596E-003  0.41280034756864853     
   3.4408531009048106E-009   3.7317659703766143E-003  0.41267092986941278     
   3.6447364649212423E-009   3.6790788741342521E-003  0.41254328706678706     
   3.8607006777573320E-009   3.6272095767946461E-003  0.41241739300197677     
   4.0894615747089323E-009   3.5761413139361975E-003  0.41229322210973696     
   4.3317774069798217E-009   3.5258577951724672E-003  0.41217074938967346     
   4.5884513549821976E-009   3.4763431925389546E-003  0.41204995037931874     
   4.8603341905596656E-009   3.4275821284752749E-003  0.41193080112922387     
   5.1483270969568729E-009   3.3795596635189957E-003  0.41181327817965907     
   5.4533846558827384E-009   3.3322612838195091E-003  0.41169735853899564     
   5.7765180115684621E-009   3.2856728885612605E-003  0.41158301966348038     
   6.1187982223076047E-009   3.2397807773745092E-003  0.41147023943847622     
   6.4813598105874949E-009   3.1945716377988001E-003  0.41135899616098143     
   6.8654045235791776E-009   3.1500325328532941E-003  0.41124926852322330     
   7.2722053164502449E-009   3.1061508887640296E-003  0.41114103559750248     
   7.7031105717040125E-009   3.0629144828835881E-003  0.41103427682196403     
   8.1595485685300393E-009   3.0203114318363166E-003  0.41092897198736256     
   8.6430322169804484E-009   2.9783301799149232E-003  0.41082510122465299     
   9.1551640726638688E-009   2.9369594877492865E-003  0.41072264499341909     
   9.6976416485784712E-009   2.8961884212630571E-003  0.41062158407108584     
   1.0272263041691177E-008   2.8560063409308876E-003  0.41052189954270601     
   1.0880932892912376E-008   2.8164028913436044E-003  0.41042357279151348     
   1.1525668700221516E-008   2.7773679910903224E-003  0.41032658549002787     
   1.2208607505868933E-008   2.7388918229558964E-003  0.41023091959155833     
   1.2932012979819060E-008   2.7009648244412971E-003  0.41013655732251808     
   1.3698282922914402E-008   2.6635776785990653E-003  0.41004348117486139     
   1.4509957214629535E-008   2.6267213051889373E-003  0.40995167389924714     
   1.5369726231759395E-008   2.5903868521433612E-003  0.40986111849830026     
   1.6280439765946244E-008   2.5545656873446274E-003  0.40977179822060850     
   1.7245116469603011E-008   2.5192493907022920E-003  0.40968369655460590     
   1.8266953861543219E-008   2.4844297465300516E-003  0.40959679722323317     
   1.9349338925481309E-008   2.4500987362114320E-003  0.40951108417854443     
   2.0495859336533994E-008   2.4162485311482731E-003  0.40942654159671765     
   2.1710315352933369E-008   2.3828714859856566E-003  0.40934315387335418     
   2.2996732412368353E-008   2.3499601321034262E-003  0.40926090561889777     
   2.4359374474706476E-008   2.3175071713675993E-003  0.40917978165439095     
   2.5802758155321393E-008   2.2855054701328226E-003  0.40909976700728096     
   2.7331667695872850E-008   2.2539480534882776E-003  0.40902084690755647     
   2.8951170822161105E-008   2.2228280997381197E-003  0.40894300678397350     
   3.0666635541618184E-008   2.1921389351088408E-003  0.40886623226046437     
   3.2483747936113302E-008   2.1618740286747217E-003  0.40879050915263521     
   3.4408531009048065E-008   2.1320269874947717E-003  0.40871582346453716     
   3.6447364649212418E-008   2.1025915519513444E-003  0.40864216138542225     
   3.8607006777573319E-008   2.0735615912842432E-003  0.40856950928669056     
   4.0894615747089369E-008   2.0449310993115740E-003  0.40849785371890601     
   4.3317774069798227E-008   2.0166941903318487E-003  0.40842718140899503     
   4.5884513549821928E-008   1.9888450951970186E-003  0.40835747925746529     
   4.8603341905596654E-008   1.9613781575524669E-003  0.40828873433569057     
   5.1483270969568729E-008   1.9342878302361158E-003  0.40822093388342851     
   5.4533846558827434E-008   1.9075686718283216E-003  0.40815406530622228     
   5.7765180115684629E-008   1.8812153433496791E-003  0.40808811617303875     
   6.1187982223075993E-008   1.8552226050965390E-003  0.40802307421384820     
   6.4813598105874948E-008   1.8295853136125275E-003  0.40795892731742783     
   6.8654045235791783E-008   1.8042984187856348E-003  0.40789566352900164     
   7.2722053164502521E-008   1.7793569610694002E-003  0.40783327104816042     
   7.7031105717040131E-008   1.7547560688212038E-003  0.40777173822674695     
   8.1595485685300300E-008   1.7304909557509579E-003  0.40771105356671844     
   8.6430322169804474E-008   1.7065569184784920E-003  0.40765120571819041     
   9.1551640726638678E-008   1.6829493341923934E-003  0.40759218347749143     
   9.6976416485784798E-008   1.6596636584059992E-003  0.40753397578512102     
   1.0272263041691177E-007   1.6366954228079086E-003  0.40747657172402968     
   1.0880932892912365E-007   1.6140402331998541E-003  0.40741996051761781     
   1.1525668700221518E-007   1.5916937675212069E-003  0.40736413152808559     
   1.2208607505868933E-007   1.5696517739531711E-003  0.40730907425451035     
   1.2932012979819071E-007   1.5479100691016096E-003  0.40725477833125862     
   1.3698282922914400E-007   1.5264645362528227E-003  0.40720123352622983     
   1.4509957214629519E-007   1.5053111236998699E-003  0.40714842973913284     
   1.5369726231759392E-007   1.4844458431367601E-003  0.40709635699997099     
   1.6280439765946247E-007   1.4638647681159938E-003  0.40704500546738914     
   1.7245116469603024E-007   1.4435640325674616E-003  0.40699436542707462     
   1.8266953861543217E-007   1.4235398293758145E-003  0.40694442729026886     
   1.9349338925481309E-007   1.4037884090132595E-003  0.40689518159225779     
   2.0495859336533996E-007   1.3843060782251361E-003  0.40684661899087882     
   2.1710315352933369E-007   1.3650891987659543E-003  0.40679873026500357     
   2.2996732412368351E-007   1.3461341861844035E-003  0.40675150631326712     
   2.4359374474706469E-007   1.3274375086529872E-003  0.40670493815255887     
   2.5802758155321390E-007   1.3089956858424281E-003  0.40665901691669609     
   2.7331667695872851E-007   1.2908052878368495E-003  0.40661373385508864     
   2.8951170822161109E-007   1.2728629340896427E-003  0.40656908033143907     
   3.0666635541618180E-007   1.2551652924164308E-003  0.40652504782246163     
   3.2483747936113298E-007   1.2377090780245680E-003  0.40648162791667863     
   3.4408531009048073E-007   1.2204910525768194E-003  0.40643881231317108     
   3.6447364649212421E-007   1.2035080232878348E-003  0.40639659282041057     
   3.8607006777573320E-007   1.1867568420520489E-003  0.40635496135516158     
   4.0894615747089368E-007   1.1702344046012345E-003  0.40631390994135197     
   4.3317774069798217E-007   1.1539376496905000E-003  0.40627343070900590     
   4.5884513549821926E-007   1.1378635583115743E-003  0.40623351589329909     
   4.8603341905596652E-007   1.1220091529314854E-003  0.40619415783350366     
   5.1483270969568732E-007   1.1063714967562480E-003  0.40615534897208949     
   5.4533846558827431E-007   1.0909476930182024E-003  0.40611708185393947     
   5.7765180115684621E-007   1.0757348842852664E-003  0.40607934912544535     
   6.1187982223075982E-007   1.0607302517919813E-003  0.40604214353379986     
   6.4813598105874963E-007   1.0459310147910138E-003  0.40600545792631249     
   6.8654045235791780E-007   1.0313344299241272E-003  0.40596928524986892     
   7.2722053164502527E-007   1.0169377906114826E-003  0.40593361855031584     
   7.7031105717040137E-007   1.0027384264594216E-003  0.40589845097209504     
   8.1595485685300308E-007   9.8873370268470697E-004  0.40586377575791077     
   8.6430322169804479E-007   9.7492101955523039E-004  0.40582958624848420     
   9.1551640726638686E-007   9.6129781184659435E-004  0.40579587588248256     
   9.6976416485784812E-007   9.4786154831319523E-004  0.40576263819654429     
   1.0272263041691178E-006   9.3460973117401032E-004  0.40572986682550399     
   1.0880932892912365E-006   9.2153989561170912E-004  0.40569755550266567     
   1.1525668700221515E-006   9.0864960928555385E-004  0.40566569806043884     
   1.2208607505868932E-006   8.9593647185606080E-004  0.40563428843098659     
   1.2932012979819074E-006   8.8339811452274835E-004  0.40560332064725102     
   1.3698282922914402E-006   8.7103219957310283E-004  0.40557278884422038     
   1.4509957214629518E-006   8.5883641994284219E-004  0.40554268726034920     
   1.5369726231759393E-006   8.4680849878720663E-004  0.40551301023947539     
   1.6280439765946245E-006   8.3494618906277036E-004  0.40548375223292621     
   1.7245116469603025E-006   8.2324727311938522E-004  0.40545490780220028     
   1.8266953861543216E-006   8.1170956230203152E-004  0.40542647162191753     
   1.9349338925481311E-006   8.0033089656242850E-004  0.40539843848339679     
   2.0495859336534007E-006   7.8910914407968836E-004  0.40537080329868119     
   2.1710315352933358E-006   7.7804220089058645E-004  0.40534356110531139     
   2.2996732412368351E-006   7.6712799052829138E-004  0.40531670707170991     
   2.4359374474706473E-006   7.5636446367033133E-004  0.40529023650335599     
   2.5802758155321388E-006   7.4574959779482642E-004  0.40526414484983109     
   2.7331667695872860E-006   7.3528139684560310E-004  0.40523842771288970     
   2.8951170822161090E-006   7.2495789090592057E-004  0.40521308085566249     
   3.0666635541618180E-006   7.1477713587983754E-004  0.40518810021284857     
   3.2483747936113296E-006   7.0473721318329490E-004  0.40516348190268342     
   3.4408531009048074E-006   6.9483622944260478E-004  0.40513922224009580     
   3.6447364649212438E-006   6.8507231620218326E-004  0.40511531775183213     
   3.8607006777573296E-006   6.7544362964052545E-004  0.40509176519337853     
   4.0894615747089371E-006   6.6594835029542480E-004  0.40506856156820303     
   4.3317774069798225E-006   6.5658468279784234E-004  0.40504570414927515     
   4.5884513549821929E-006   6.4735085561531600E-004  0.40502319050350166     
   4.8603341905596681E-006   6.3824512080497796E-004  0.40500101851916814     
   5.1483270969568698E-006   6.2926575377634088E-004  0.40497918643677322     
   5.4533846558827439E-006   6.2041105306453255E-004  0.40495769288382810     
   5.7765180115684623E-006   6.1167934011455681E-004  0.40493653691397669     
   6.1187982223075986E-006   6.0306895907687294E-004  0.40491571805096777     
   6.4813598105874995E-006   5.9457827661477428E-004  0.40489523633806124     
   6.8654045235791740E-006   5.8620568172520798E-004  0.40487509239366892     
   7.2722053164502537E-006   5.7794958557251877E-004  0.40485528747374644     
   7.7031105717040135E-006   5.6980842133741438E-004  0.40483582354206016     
   8.1595485685300304E-006   5.6178064408090873E-004  0.40481670334892100     
   8.6430322169804517E-006   5.5386473062566397E-004  0.40479793051981100     
   9.1551640726638631E-006   5.4605917945487695E-004  0.40477950965473425     
   9.6976416485784799E-006   5.3836251063119056E-004  0.40476144644000517     
   1.0272263041691177E-005   5.3077326573663269E-004  0.40474374777356958     
   1.0880932892912367E-005   5.2329000783546127E-004  0.40472642190580471     
   1.1525668700221520E-005   5.1591132146226910E-004  0.40470947859757717     
   1.2208607505868924E-005   5.0863581263744595E-004  0.40469292929768175     
   1.2932012979819072E-005   5.0146210891229101E-004  0.40467678734205875     
   1.3698282922914400E-005   4.9438885944699112E-004  0.40466106817737357     
   1.4509957214629518E-005   4.8741473512414302E-004  0.40464578961196146     
   1.5369726231759399E-005   4.8053842870164035E-004  0.40463097209759868     
   1.6280439765946237E-005   4.7375865500852671E-004  0.40461663904571410     
   1.7245116469603027E-005   4.6707415118795971E-004  0.40460281718222529     
   1.8266953861543219E-005   4.6048367699252858E-004  0.40458953694602190     
   1.9349338925481315E-005   4.5398601513635617E-004  0.40457683293600427     
   2.0495859336534006E-005   4.4757997171047313E-004  0.40456474441297802     
   2.1710315352933359E-005   4.4126437666760707E-004  0.40455331586295246     
   2.2996732412368345E-005   4.3503808438357901E-004  0.40454259762948175     
   2.4359374474706474E-005   4.2889997430312207E-004  0.40453264662325444     
   2.5802758155321399E-005   4.2284895167936457E-004  0.40452352711892442     
   2.7331667695872865E-005   4.1688394841599645E-004  0.40451531164919396     
   2.8951170822161091E-005   4.1100392402401297E-004  0.40450808200891586     
   3.0666635541618167E-005   4.0520786670412138E-004  0.40450193038197085     
   3.2483747936113299E-005   3.9949479456909587E-004  0.40449696060672474     
   3.4408531009048080E-005   3.9386375702045012E-004  0.40449328959665004     
   3.6447364649212435E-005   3.8831383629635898E-004  0.40449104893553922     
   3.8607006777573299E-005   3.8284414920954329E-004  0.40449038666896908     
   4.0894615747089362E-005   3.7745384909557611E-004  0.40449146931618324     
   4.3317774069798221E-005   3.7214212799472908E-004  0.40449448412973932     
   4.5884513549821940E-005   3.6690821909346076E-004  0.40449964163400964     
   4.8603341905596678E-005   3.6175139945420783E-004  0.40450717847709233     
   5.1483270969568704E-005   3.5667099306587949E-004  0.40451736063545318     
   5.4533846558827421E-005   3.5166637425139267E-004  0.40453048701551164     
   5.7765180115684622E-005   3.4673697147298040E-004  0.40454689350217976     
   6.1187982223075995E-005   3.4188227158105989E-004  0.40456695751089261     
   6.4813598105874971E-005   3.3710182455845387E-004  0.40459110310692392     
   6.8654045235791753E-005   3.3239524881799077E-004  0.40461980676435211     
   7.2722053164502503E-005   3.2776223711991148E-004  0.40465360384676879     
   7.7031105717040131E-005   3.2320256318338456E-004  0.40469309590249608     
   8.1595485685300321E-005   3.1871608907755808E-004  0.40473895888016276     
   8.6430322169804517E-005   3.1430277348898101E-004  0.40479195238484206     
   9.1551640726638648E-005   3.0996268097615518E-004  0.40485293011154999     
   9.6976416485784785E-005   3.0569599233819483E-004  0.40492285161242725     
   1.0272263041691177E-004   3.0150301624390862E-004  0.40500279557636532     
   1.0880932892912368E-004   2.9738420228981352E-004  0.40509397482569098     
   1.1525668700221520E-004   2.9334015568241266E-004  0.40519775326496077     
   1.2208607505868928E-004   2.8937165377200210E-004  0.40531566505227601     
   1.2932012979819068E-004   2.8547966470297679E-004  0.40544943630534386     
   1.3698282922914405E-004   2.8166536849177481E-004  0.40560100970337243     
   1.4509957214629523E-004   2.7793018089796161E-004  0.40577257240376774     
   1.5369726231759400E-004   2.7427578052164855E-004  0.40596658776191513     
   1.6280439765946239E-004   2.7070413964098473E-004  0.40618583142411058     
   1.7245116469603020E-004   2.6721755940366953E-004  0.40643343246238656     
   1.8266953861543217E-004   2.6381871010827803E-004  0.40671292033863926     
   100000000000000000000.0   0.000000000000000000000  0.00000000000000000
