   1.7724911794236373E+024   4988000.0000000000       0.28602268023304656     
   0.000000000000000000000   0.000000000000000000000  0.65946296372873259
   1.0308252214338041E-013   1.4702371498556644E-002  0.65946296372873259     
   1.0919054558104616E-013   1.5547340312770028E-002  0.65976558318672418     
   1.1566049216086335E-013   1.6377637228215561E-002  0.65966219000220971     
   1.2251380717723322E-013   1.7224930965198164E-002  0.65913548902301167     
   1.2977320663813645E-013   1.8182273648697983E-002  0.65883132325045624     
   1.3746275255964820E-013   1.9161558842255524E-002  0.65815820022261473     
   1.4560793272193139E-013   2.0248022449906138E-002  0.65802206125023599     
   1.5423574515106935E-013   2.1381193452902084E-002  0.65751913624579761     
   1.6337478760676535E-013   2.2480258409989066E-002  0.65719930899201129     
   1.7305535237251469E-013   2.3747675442243384E-002  0.65664754153614324     
   1.8330952666245472E-013   2.5031716933435678E-002  0.65617158851551149     
   1.9417129897769086E-013   2.6371364380145906E-002  0.65558237838182254     
   2.0567667176463148E-013   2.7758999514003620E-002  0.65487391317605492     
   2.1786378074875261E-013   2.9218703537755540E-002  0.65414056657534525     
   2.3077302133932448E-013   3.0739759418850363E-002  0.65336037999410490     
   2.4444718252409763E-013   3.2308518191028847E-002  0.65246544221955016     
   2.5893158869774334E-013   3.3958479241691743E-002  0.65150710608719886     
   2.7427424989415731E-013   3.5635776656688767E-002  0.65043660654465940     
   2.9052602092059301E-013   3.7384742614283879E-002  0.64928362306291043     
   3.0774076992107333E-013   3.9173597512842662E-002  0.64799704572776340     
   3.2597555692782418E-013   4.1016502846076018E-002  0.64659373886391602     
   3.4529082299253944E-013   4.2895158648971754E-002  0.64507770904596073     
   3.6575059052437807E-013   4.4812736267225352E-002  0.64342403256186498     
   3.8742267549874100E-013   4.6757069624991550E-002  0.64163945624642793     
   4.1037891224019369E-013   4.8725485876520078E-002  0.63970595414046916     
   4.3469539152462927E-013   5.0703342185802740E-002  0.63761777657314966     
   4.6045271278986397E-013   5.2678707700722839E-002  0.63537550087606698     
   4.8773625129065011E-013   5.4646412508878348E-002  0.63297273550633404     
   5.1663644108362790E-013   5.6589305574636678E-002  0.63040988909101481     
   5.4724907478017018E-013   5.8492839836561540E-002  0.62767959999513956     
   5.7967562106072046E-013   6.0347638180718678E-002  0.62478871715517859     
   6.1402356100302703E-013   6.2134890741792098E-002  0.62173966754864696     
   6.5040674433907870E-013   6.3840239990605258E-002  0.61853488857007000     
   6.8894576682160217E-013   6.5448767266463065E-002  0.61518414948359290     
   7.2976836995090651E-013   6.6945464919372019E-002  0.61169583211780365     
   7.7300986438705624E-013   6.8314628448718218E-002  0.60808265599108646     
   8.1881357845078089E-013   6.9545085330608727E-002  0.60435766725316487     
   8.6733133319973302E-013   7.0622293906947228E-002  0.60053812499327974     
   9.1872394565480248E-013   7.1536621145041848E-002  0.59664082425093579     
   9.7316176184442713E-013   7.2279419998470887E-002  0.59268587584059540     
   1.0308252214338041E-012   7.2843700361677977E-002  0.58869272243130355     
   1.0919054558104615E-012   7.3225772287531882E-002  0.58468267391816153     
   1.1566049216086334E-012   7.3422823533043316E-002  0.58067626211842216     
   1.2251380717723318E-012   7.3435997222522698E-002  0.57669381574223366     
   1.2977320663813644E-012   7.3268012488585110E-002  0.57275541795482887     
   1.3746275255964824E-012   7.2924026368827097E-002  0.56887916826981899     
   1.4560793272193139E-012   7.2411182057663337E-002  0.56508233688817144     
   1.5423574515106938E-012   7.1738504621226176E-002  0.56138001828228679     
   1.6337478760676533E-012   7.0916614177911591E-002  0.55778536382222343     
   1.7305535237251468E-012   6.9957409128902762E-002  0.55430939682801716     
   1.8330952666245471E-012   6.8873588818241432E-002  0.55096111658503966     
   1.9417129897769046E-012   6.7678646249067345E-002  0.54774722347941529     
   2.0567667176463192E-012   6.6386361795980203E-002  0.54467236486308168     
   2.1786378074875259E-012   6.5010452951142744E-002  0.54173941785966662     
   2.3077302133932448E-012   6.3564590924204370E-002  0.53894931663639922     
   2.4444718252409768E-012   6.2062075667262809E-002  0.53630148215888462     
   2.5893158869774276E-012   6.0515527020564647E-002  0.53379398411042822     
   2.7427424989415787E-012   5.8936922802929483E-002  0.53142369903814113     
   2.9052602092059299E-012   5.7337403266122411E-002  0.52918658682437592     
   3.0774076992107334E-012   5.5727261481038681E-002  0.52707781301860979     
   3.2597555692782412E-012   5.4115859414359938E-002  0.52509196439803807     
   3.4529082299253870E-012   5.2511599763543589E-002  0.52322322866287696     
   3.6575059052437878E-012   5.0922022409463440E-002  0.52146548570194129     
   3.8742267549874103E-012   4.9353700937773394E-002  0.51981249075038238     
   4.1037891224019377E-012   4.7812390248899418E-002  0.51825793514814988     
   4.3469539152462926E-012   4.6302998319191345E-002  0.51679555866767435     
   4.6045271278986298E-012   4.4829698128228498E-002  0.51541919533294367     
   4.8773625129065108E-012   4.3395941236638487E-002  0.51412285460685403     
   5.1663644108362784E-012   4.2004545794622865E-002  0.51290073781354950     
   5.4724907478017028E-012   4.0657750019028653E-002  0.51174728504704448     
   5.7967562106072046E-012   3.9357266279504685E-002  0.51065718322832732     
   6.1402356100302592E-012   3.8104347969058767E-002  0.50962538598507190     
   6.5040674433907994E-012   3.6899836412820158E-002  0.50864711105935123     
   6.8894576682160215E-012   3.5744212743887803E-002  0.50771784619797578     
   7.2976836995090657E-012   3.4637645261754890E-002  0.50683333812950815     
   7.7300986438705634E-012   3.3580030700328709E-002  0.50598958963494500     
   8.1881357845077919E-012   3.2571031698666660E-002  0.50518284817843306     
   8.6733133319973500E-012   3.1610109446354763E-002  0.50440958896329002     
   9.1872394565480252E-012   3.0696550764627843E-002  0.50366651053062361     
   9.7316176184442745E-012   2.9829502952441692E-002  0.50295051290572745     
   1.0308252214338042E-011   2.9007981909577412E-002  0.50225869044134164     
   1.0919054558104596E-011   2.8230900441362606E-002  0.50158831422873118     
   1.1566049216086357E-011   2.7497079180634106E-002  0.50093682358225144     
   1.2251380717723319E-011   2.6805260397357852E-002  0.50030181097804738     
   1.2977320663813643E-011   2.6154116246422724E-002  0.49968101285760819     
   1.3746275255964820E-011   2.5542259032110118E-002  0.49907230171993250     
   1.4560793272193110E-011   2.4968245050269369E-002  0.49847367549611521     
   1.5423574515106970E-011   2.4430579174893361E-002  0.49788325387912602     
   1.6337478760676535E-011   2.3927717893876894E-002  0.49729927256070966     
   1.7305535237251469E-011   2.3458071401412581E-002  0.49672007934848195     
   1.8330952666245470E-011   2.3020005491694893E-002  0.49614413405829744     
   1.9417129897769049E-011   2.2611842538749104E-002  0.49557000849298105     
   2.0567667176463190E-011   2.2231863267340640E-002  0.49499638770440940     
   2.1786378074875261E-011   2.1878308718316065E-002  0.49442207356160317     
   2.3077302133932451E-011   2.1549383374619233E-002  0.49384598950150693     
   2.4444718252409764E-011   2.1243259392573613E-002  0.49326718495559957     
   2.5893158869774276E-011   2.0958082221654892E-002  0.49268484211780539     
   2.7427424989415784E-011   2.0691978211809781E-002  0.49209828211449913     
   2.9052602092059298E-011   2.0443063672533814E-002  0.49150697011554201     
   3.0774076992107335E-011   2.0209456363902423E-002  0.49091052134749302     
   3.2597555692782420E-011   1.9989288428536877E-002  0.49030870460132764     
   3.4529082299253870E-011   1.9780721062764049E-002  0.48970144445306563     
   3.6575059052437883E-011   1.9581960769269120E-002  0.48908882114025265     
   3.8742267549874099E-011   1.9391276109379452E-002  0.48847106774912152     
   4.1037891224019372E-011   1.9207015178268116E-002  0.48784856503342855     
   4.3469539152462924E-011   1.9027622497399813E-002  0.48722183210108738     
   4.6045271278986303E-011   1.8851655099884092E-002  0.48659151551908081     
   4.8773625129065116E-011   1.8677796888214065E-002  0.48595837442658923     
   5.1663644108362789E-011   1.8504870758661640E-002  0.48532326398035958     
   5.4724907478017021E-011   1.8331848013912969E-002  0.48468711673876286     
   5.7967562106072048E-011   1.8157854240978079E-002  0.48405092283188239     
   6.1402356100302595E-011   1.7982172209957785E-002  0.48341570966125569     
   6.5040674433907998E-011   1.7804241024062143E-002  0.48278252197823407     
   6.8894576682160224E-011   1.7623652111840700E-002  0.48215240302905760     
   7.2976836995090650E-011   1.7440142275873059E-002  0.48152637744194166     
   7.7300986438705624E-011   1.7253584290385291E-002  0.48090543602527625     
   8.1881357845077913E-011   1.7063975523734943E-002  0.48029052372024134     
   8.6733133319973494E-011   1.6871425600153738E-002  0.47968252980259402     
   9.1872394565480235E-011   1.6676143238605067E-002  0.47908228137864933     
   9.7316176184442738E-011   1.6478423393810698E-002  0.47849053927486501     
   1.0308252214338043E-010   1.6278634941792450E-002  0.47790799661959982     
   1.0919054558104594E-010   1.6077209540110875E-002  0.47733527931761516     
   1.1566049216086358E-010   1.5874631949504205E-002  0.47677294831796690     
   1.2251380717723320E-010   1.5671432074167439E-002  0.47622150287475662     
   1.2977320663813646E-010   1.5468178766278526E-002  0.47568138454753583     
   1.3746275255964819E-010   1.5265475398944512E-002  0.47515298124935634     
   1.4560793272193108E-010   1.5063957016739481E-002  0.47463663104496739     
   1.5423574515106970E-010   1.4864288820584404E-002  0.47413262525625327     
   1.6337478760676534E-010   1.4667165600980109E-002  0.47364121069291654     
   1.7305535237251471E-010   1.4473311751506021E-002  0.47316259078447198     
   1.8330952666245474E-010   1.4283481498760159E-002  0.47269692567283872     
   1.9417129897769049E-010   1.4098458834710378E-002  0.47224433136181415     
   2.0567667176463193E-010   1.3919057033026507E-002  0.47180487811734834     
   2.1786378074875259E-010   1.3746117260942345E-002  0.47137858844797537     
   2.3077302133932448E-010   1.3580506476583340E-002  0.47096543500269050     
   2.4444718252409766E-010   1.3423114362828994E-002  0.47056533870350237     
   2.5893158869774284E-010   1.3274849571808651E-002  0.47017816752720065     
   2.7427424989415788E-010   1.3136635436671946E-002  0.46980373605556341     
   2.9052602092059301E-010   1.3009405467883227E-002  0.46944180605589392     
   3.0774076992107330E-010   1.2894098910534420E-002  0.46909208810701608     
   3.2597555692782413E-010   1.2791656769225284E-002  0.46875424423567219     
   3.4529082299253875E-010   1.2703018413504186E-002  0.46842789144149716     
   3.6575059052437884E-010   1.2629119145334790E-002  0.46811260590702142     
   3.8742267549874102E-010   1.2570888818943327E-002  0.46780792767932072     
   4.1037891224019373E-010   1.2529251555413633E-002  0.46751336554456790     
   4.3469539152462921E-010   1.2505126627111611E-002  0.46722840187314491     
   4.6045271278986304E-010   1.2499430423323469E-002  0.46695249719784093     
   4.8773625129065111E-010   1.2513079408616040E-002  0.46668509434060401     
   5.1663644108362775E-010   1.2546993980425943E-002  0.46642562191970333     
   5.4724907478017020E-010   1.2602103065932947E-002  0.46617349715460427     
   5.7967562106072052E-010   1.2679349279804695E-002  0.46592812786176568     
   6.1402356100302593E-010   1.2779694576530829E-002  0.46568891362218950     
   6.5040674433908001E-010   1.2904126231103770E-002  0.46545524608745370     
   6.8894576682160219E-010   1.3053663019731779E-002  0.46522650843523311     
   7.2976836995090655E-010   1.3229361545347306E-002  0.46500207398727800     
   7.7300986438705619E-010   1.3432322609664468E-002  0.46478130400173434     
   8.1881357845077923E-010   1.3663697579114351E-002  0.46456354466716443     
   8.6733133319973486E-010   1.3924694698251168E-002  0.46434812330879144     
   9.1872394565480238E-010   1.4216585322839636E-002  0.46413434381899676     
   9.7316176184442723E-010   1.4540710031636686E-002  0.46392148131475430     
   1.0308252214338041E-009   1.4898484627008268E-002  0.46370877600056915     
   1.0919054558104593E-009   1.5291405987363185E-002  0.46349542622712731     
   1.1566049216086354E-009   1.5721057753948720E-002  0.46328058070106837     
   1.2251380717723319E-009   1.6189115860921130E-002  0.46306332979839615     
   1.2977320663813643E-009   1.6697353857866287E-002  0.46284269592150046     
   1.3746275255964821E-009   1.7247648014610924E-002  0.46261762282242008     
   1.4560793272193109E-009   1.7841982164565239E-002  0.46238696380228289     
   1.5423574515106970E-009   1.8482452240257425E-002  0.46214946868699602     
   1.6337478760676534E-009   1.9171270423365472E-002  0.46190376946336448     
   1.7305535237251468E-009   1.9910768853957837E-002  0.46164836444731849     
   1.8330952666245471E-009   2.0703402761273484E-002  0.46138160084894148     
   1.9417129897769046E-009   2.1551752925170052E-002  0.46110165558076882     
   2.0567667176463192E-009   2.2458527283656302E-002  0.46080651415595081     
   2.1786378074875260E-009   2.3426561515216014E-002  0.46049394750826411     
   2.3077302133932452E-009   2.4458818372367467E-002  0.46016148656575501     
   2.4444718252409764E-009   2.5558385491210551E-002  0.45980639440912635     
   2.5893158869774279E-009   2.6728471365420382E-002  0.45942563584969986     
   2.7427424989415785E-009   2.7972399118656888E-002  0.45901584427386277     
   2.9052602092059296E-009   2.9293597634785323E-002  0.45857328562079347     
   3.0774076992107333E-009   3.0695589552425177E-002  0.45809381939125193     
   3.2597555692782413E-009   3.2181975534723073E-002  0.45757285663148350     
   3.4529082299253875E-009   3.3756414164203531E-002  0.45700531489705976     
   3.6575059052437879E-009   3.5422596702631197E-002  0.45638557028787868     
   3.8742267549874094E-009   3.7184215866263789E-002  0.45570740675782773     
   4.1037891224019366E-009   3.9044927675555070E-002  0.45496396304457454     
   4.3469539152462921E-009   4.1008305333286657E-002  0.45414767775011572     
   4.6045271278986302E-009   4.3077783993085102E-002  0.45325023333209802     
   4.8773625129065117E-009   4.5256595204981064E-002  0.45226250004869029     
   5.1663644108362779E-009   4.7547689768862395E-002  0.45117448124449411     
   5.4724907478017016E-009   4.9953647698346100E-002  0.44997526177905306     
   5.7967562106072048E-009   5.2476574034234606E-002  0.44865296188603437     
   6.1402356100302587E-009   5.5117979348237228E-002  0.44719469931629979     
   6.5040674433907995E-009   5.7878643965207373E-002  0.44558656326320423     
   6.8894576682160217E-009   6.0758465270715455E-002  0.44381360427617078     
   7.2976836995090645E-009   6.3756287939234962E-002  0.44185984513881177     
   7.7300986438705631E-009   6.6869717608174326E-002  0.43970831847737779     
   8.1881357845077927E-009   7.0094919422519594E-002  0.43734113763943111     
   8.6733133319973494E-009   7.3426404069251369E-002  0.43473960807233336     
   9.1872394565480238E-009   7.6856805384046684E-002  0.43188438695104853     
   9.7316176184442727E-009   8.0376655406649608E-002  0.42875569903831273     
   1.0308252214338041E-008   8.3974164830562678E-002  0.42533361656832269     
   1.0919054558104593E-008   8.7635019125690536E-002  0.42159841015543104     
   1.1566049216086357E-008   9.1342203069416095E-002  0.41753097616786145     
   1.2251380717723320E-008   9.5075868875461961E-002  0.41311334347433476     
   1.2977320663813645E-008   9.8813265290283767E-002  0.40832925881946069     
   1.3746275255964821E-008  0.10252874663959305       0.40316484518922324     
   1.4560793272193109E-008  0.10619388144279317       0.39760932139402178     
   1.5423574515106970E-008  0.10977767943731105       0.39165576385239159     
   1.6337478760676535E-008  0.11324695322296874       0.38530188354487138     
   1.7305535237251470E-008  0.11656682584550385       0.37855078289675087     
   1.8330952666245453E-008  0.11970138827218342       0.37141164975464835     
   1.9417129897769045E-008  0.12261450087379168       0.36390033969415519     
   2.0567667176463190E-008  0.12527072110296325       0.35603979480462433     
   2.1786378074875283E-008  0.12763632635044891       0.34786024801613741     
   2.3077302133932452E-008  0.12968038771708187       0.33939916791417324     
   2.4444718252409741E-008  0.13137583877872605       0.33070091034545379     
   2.5893158869774279E-008  0.13270047515602817       0.32181605978752337     
   2.7427424989415785E-008  0.13363781755287180       0.31280046446882942     
   2.9052602092059327E-008  0.13417777421727933       0.30371399275317867     
   3.0774076992107337E-008  0.13431704905186700       0.29461906185093528     
   3.2597555692782383E-008  0.13405925844518826       0.28557901061012203     
   3.4529082299253872E-008  0.13341474179673668       0.27665640321214152     
   3.6575059052437881E-008  0.13240007526503664       0.26791135788355114     
   3.8742267549874142E-008  0.13103732248495917       0.25939999310742207     
   4.1037891224019371E-008  0.12935307683696798       0.25117307342573375     
   4.3469539152462887E-008  0.12737736473754022       0.24327491918008112     
   4.6045271278986299E-008  0.12514248670366593       0.23574262186792752     
   4.8773625129065110E-008  0.12268187216561907       0.22860558215023544     
   5.1663644108362835E-008  0.12002901586397104       0.22188536390737990     
   5.4724907478017017E-008  0.11721654984762048       0.21559583758638795     
   5.7967562106071983E-008  0.11427548783849370       0.20974357108752986     
   6.1402356100302588E-008  0.11123466044217462       0.20432841731432541     
   6.5040674433908008E-008  0.10812034251735564       0.19934424409106849     
   6.8894576682160293E-008  0.10495605960604970       0.19477975358253713     
   7.2976836995090660E-008  0.10176254965951467       0.19061934338179923     
   7.7300986438705548E-008   9.8557849720635970E-002  0.18684396870126457     
   8.1881357845077931E-008   9.5357474543780435E-002  0.18343197335206232     
   8.6733133319973478E-008   9.2174654774568709E-002  0.18035986543262159     
   9.1872394565480351E-008   8.9020605476041362E-002  0.17760302118653049     
   9.7316176184442734E-008   8.5904800611557405E-002  0.17513630695782312     
   1.0308252214338029E-007   8.2835234759962698E-002  0.17293461444418681     
   1.0919054558104595E-007   7.9818659143790327E-002  0.17097330857190315     
   1.1566049216086356E-007   7.6860784457265408E-002  0.16922859043535823     
   1.2251380717723333E-007   7.3966447616929790E-002  0.16767778003259121     
   1.2977320663813642E-007   7.1139743215522064E-002  0.16629952515424243     
   1.3746275255964808E-007   6.8384123073136627E-002  0.16507394388047295     
   1.4560793272193109E-007   6.5702468892517366E-002  0.16398270880668783     
   1.5423574515106968E-007   6.3097143761931124E-002  0.16300908142475043     
   1.6337478760676550E-007   6.0570028281874355E-002  0.16213790507874501     
   1.7305535237251470E-007   5.8122546611583698E-002  0.16135556463887621     
   1.8330952666245453E-007   5.5755686924463255E-002  0.16064992053339627     
   1.9417129897769050E-007   5.3470019794279906E-002  0.16001022409642929     
   2.0567667176463191E-007   5.1265717036957502E-002  0.15942702037960624     
   2.1786378074875282E-007   4.9142572606044238E-002  0.15889204369254195     
   2.3077302133932446E-007   4.7100026342471804E-002  0.15839811023213007     
   2.4444718252409739E-007   4.5137190743725755E-002  0.15793901128097917     
   2.5893158869774280E-007   4.3252880450937815E-002  0.15750940963578003     
   2.7427424989415783E-007   4.1445643843568095E-002  0.15710474119530884     
   2.9052602092059327E-007   3.9713795961614430E-002  0.15672112300886923     
   3.0774076992107333E-007   3.8055451916454153E-002  0.15635526856609977     
   3.2597555692782383E-007   3.6468559978526750E-002  0.15600441069327975     
   3.4529082299253871E-007   3.4950933618367090E-002  0.15566623210599143     
   3.6575059052437880E-007   3.3500281899258445E-002  0.15533880342957990     
   3.8742267549874134E-007   3.2114237765885810E-002  0.15502052833990226     
   4.1037891224019369E-007   3.0790383918380904E-002  0.15471009536520533     
   4.3469539152462881E-007   2.9526276100414087E-002  0.15440643582502406     
   4.6045271278986300E-007   2.8319463752492044E-002  0.15410868734696323     
   4.8773625129065110E-007   2.7167508082066843E-002  0.15381616239017504     
   5.1663644108362831E-007   2.6067997678015473E-002  0.15352832120806026     
   5.4724907478017013E-007   2.5018561847700797E-002  0.15324474869919091     
   5.7967562106071988E-007   2.4016881881615017E-002  0.15296513462080177     
   6.1402356100302580E-007   2.3060700457201291E-002  0.15268925667298600     
   6.5040674433908005E-007   2.2147829383354366E-002  0.15241696600234614     
   6.8894576682160288E-007   2.1276155866267150E-002  0.15214817472012995     
   7.2976836995090652E-007   2.0443647449452797E-002  0.15188284508159999     
   7.7300986438705546E-007   1.9648355755000277E-002  0.15162098002627572     
   8.1881357845077920E-007   1.8888419122638587E-002  0.15136261483556770     
   8.6733133319973491E-007   1.8162064228735272E-002  0.15110780971563417     
   9.1872394565480351E-007   1.7467606750526918E-002  0.15085664316404249     
   9.7316176184442742E-007   1.6803451136877347E-002  0.15060920602191513     
   1.0308252214338029E-006   1.6168089547676314E-002  0.15036559614916378     
   1.0919054558104592E-006   1.5560100030211878E-002  0.15012591368791264     
   1.1566049216086358E-006   1.4978144010243027E-002  0.14989025689792168     
   1.2251380717723332E-006   1.4420963185709434E-002  0.14965871855837931     
   1.2977320663813645E-006   1.3887375920253802E-002  0.14943138293407432     
   1.3746275255964808E-006   1.3376273241249606E-002  0.14920832330059808     
   1.4560793272193110E-006   1.2886614548983941E-002  0.14898960001927494     
   1.5423574515106969E-006   1.2417423144723381E-002  0.14877525914107026     
   1.6337478760676550E-006   1.1967781679643999E-002  0.14856533151105153     
   1.7305535237251469E-006   1.1536827619013340E-002  0.14835983233535252     
   1.8330952666245454E-006   1.1123748805128862E-002  0.14815876116455171     
   1.9417129897769058E-006   1.0727779189725988E-002  0.14796210224172102     
   2.0567667176463181E-006   1.0348194792697928E-002  0.14776982515962381     
   2.1786378074875278E-006   9.9843099299837725E-003  0.14758188576964090     
   2.3077302133932450E-006   9.6354737396728181E-003  0.14739822728676802     
   2.4444718252409739E-006   9.3010670230574202E-003  0.14721878153588905     
   2.5893158869774292E-006   8.9804994058772236E-003  0.14704347028965972     
   2.7427424989415773E-006   8.6732068156539499E-003  0.14687220665281747     
   2.9052602092059327E-006   8.3786492631947925E-003  0.14670489645359844     
   3.0774076992107334E-006   8.0963089102778132E-003  0.14654143960868785     
   3.2597555692782382E-006   7.8256884013342132E-003  0.14638173143511859     
   3.4529082299253887E-006   7.5663094340456616E-003  0.14622566388721919     
   3.6575059052437865E-006   7.3177115423721257E-003  0.14607312670357878     
   3.8742267549874138E-006   7.0794510652452767E-003  0.14592400845347234     
   4.1037891224019372E-006   6.8511002747686910E-003  0.14577819747645010     
   4.3469539152462874E-006   6.6322466391324488E-003  0.14563558271375021     
   4.6045271278986329E-006   6.4224921973306684E-003  0.14549605443186372     
   4.8773625129065095E-006   6.2214530249188717E-003  0.14535950484237969     
   5.1663644108362837E-006   6.0287587725370330E-003  0.14522582862368322     
   5.4724907478017016E-006   5.8440522613350055E-003  0.14509492335124910     
   5.7967562106071984E-006   5.6669891218812316E-003  0.14496668984498132     
   6.1402356100302623E-006   5.4972374654924253E-003  0.14484103244137905     
   6.5040674433907963E-006   5.3344775789756329E-003  0.14471785919936109     
   6.8894576682160290E-006   5.1784016357613637E-003  0.14459708204808128     
   7.2976836995090650E-006   5.0287134180345442E-003  0.14447861688452934     
   7.7300986438705552E-006   4.8851280458917399E-003  0.14436238362857548     
   8.1881357845077969E-006   4.7473717107921259E-003  0.14424830624198548     
   8.6733133319973447E-006   4.6151814113630455E-003  0.14413631271756197     
   9.1872394565480336E-006   4.4883046904527638E-003  0.14402633504383336     
   9.7316176184442725E-006   4.3664993726725268E-003  0.14391830914990267     
   1.0308252214338031E-005   4.2495333020751988E-003  0.14381217483469283     
   1.0919054558104601E-005   4.1371840798235431E-003  0.14370787568392399     
   1.1566049216086351E-005   4.0292388016301313E-003  0.14360535897815047     
   1.2251380717723333E-005   3.9254937948521992E-003  0.14350457559465113     
   1.2977320663813644E-005   3.8257543550773293E-003  0.14340547990571331     
   1.3746275255964806E-005   3.7298344817889911E-003  0.14330802967608156     
   1.4560793272193116E-005   3.6375566130483834E-003  0.14321218596183577     
   1.5423574515106961E-005   3.5487513588019571E-003  0.14311791301343693     
   1.6337478760676553E-005   3.4632572324190965E-003  0.14302517818563990     
   1.7305535237251470E-005   3.3809203810245044E-003  0.14293395185688362     
   1.8330952666245457E-005   3.3015943136381720E-003  0.14284420736135131     
   1.9417129897769059E-005   3.2251396283800244E-003  0.14275592093642664     
   2.0567667176463180E-005   3.1514237387584524E-003  0.14266907168877122     
   2.1786378074875278E-005   3.0803205998666473E-003  0.14258364158198783     
   2.3077302133932445E-005   3.0117104354475026E-003  0.14249961544898018     
   2.4444718252409746E-005   2.9454794668115716E-003  0.14241698103202624     
   2.5893158869774294E-005   2.8815196451821780E-003  0.14233572905369560     
   2.7427424989415770E-005   2.8197283881588688E-003  0.14225585332127691     
   2.9052602092059321E-005   2.7600083221250857E-003  0.14217735086815525     
   3.0774076992107331E-005   2.7022670315374310E-003  0.14210022213487433     
   3.2597555692782391E-005   2.6464168162748307E-003  0.14202447119330472     
   3.4529082299253886E-005   2.5923744580083822E-003  0.14195010601740310     
   3.6575059052437861E-005   2.5400609963870265E-003  0.14187713880428818     
   3.8742267549874124E-005   2.4894015156567617E-003  0.14180558635006427     
   4.1037891224019368E-005   2.4403249421121528E-003  0.14173547048501223     
   4.3469539152462896E-005   2.3927638527104769E-003  0.14166681857419938     
   4.6045271278986332E-005   2.3466542948159001E-003  0.14159966408914784     
   4.8773625129065085E-005   2.3019356171486241E-003  0.14153404725858143     
   5.1663644108362827E-005   2.2585503117283565E-003  0.14147001580628824     
   5.4724907478017014E-005   2.2164438665947354E-003  0.14140762578591637     
   5.7967562106071998E-005   2.1755646290115027E-003  0.14134694252368532     
   6.1402356100302612E-005   2.1358636788392335E-003  0.14128804168176226     
   6.5040674433907973E-005   2.0972947117444017E-003  0.14123101045657996     
   6.8894576682160271E-005   2.0598139319323015E-003  0.14117594892864893     
   7.2976836995090655E-005   2.0233799541088762E-003  0.14112297158238649     
   7.7300986438705562E-005   1.9879537144267437E-003  0.14107220901727743     
   8.1881357845077949E-005   1.9534983902176973E-003  0.14102380987433891     
   8.6733133319973453E-005   1.9199793283748029E-003  0.14097794300534450     
   9.1872394565480309E-005   1.8873639823191095E-003  0.14093479991573069     
   9.7316176184442742E-005   1.8556218575653449E-003  0.14089459751669758     
   1.0308252214338033E-004   1.8247244659728675E-003  0.14085758122660019     
   1.0919054558104599E-004   1.7946452888513164E-003  0.14082402846752909     
   1.1566049216086351E-004   1.7653597493324982E-003  0.14079425260936237     
   1.2251380717723327E-004   1.7368451940585506E-003  0.14076860742129499     
   1.2977320663813644E-004   1.7090808851833849E-003  0.14074749209914195     
   1.3746275255964810E-004   1.6820480029508939E-003  0.14073135694742761     
   1.4560793272193115E-004   1.6557296598179176E-003  0.14072070980665563     
   1.5423574515106963E-004   1.6301109270762790E-003  0.14071612333053490     
   1.6337478760676546E-004   1.6051788751628980E-003  0.14071824323396337     
   1.7305535237251466E-004   1.5809226290973378E-003  0.14072779765249463     
