   6.8561945292868490E+024   7314000.0000000000       0.29126715435260209     
   0.000000000000000000000   0.000000000000000000000  0.61981159657695506
   8.1881357845078089E-014   5.2373676866825751E-002  0.61981159657695506     
   8.6733133319973290E-014   5.2220705042557221E-002  0.61764280877381095     
   9.1872394565480238E-014   5.2067964597097255E-002  0.61544701590266326     
   9.7316176184442738E-014   5.1837623463843893E-002  0.61337916843327400     
   1.0308252214338041E-013   5.1637519428770866E-002  0.61135079968211792     
   1.0919054558104616E-013   5.1411797676522111E-002  0.60929836772129464     
   1.1566049216086335E-013   5.1177078198080282E-002  0.60740188780562310     
   1.2251380717723322E-013   5.0949849605178295E-002  0.60550137737110099     
   1.2977320663813645E-013   5.0750733145570028E-002  0.60366874691315309     
   1.3746275255964820E-013   5.0549989730657337E-002  0.60189218276044953     
   1.4560793272193139E-013   5.0388176150414812E-002  0.60011828153683444     
   1.5423574515106935E-013   5.0249977068504523E-002  0.59840756620825231     
   1.6337478760676535E-013   5.0155472472749242E-002  0.59670659524941316     
   1.7305535237251469E-013   5.0091508316865090E-002  0.59501735986755822     
   1.8330952666245472E-013   5.0067071783865026E-002  0.59334930099704497     
   1.9417129897769086E-013   5.0085084654050226E-002  0.59168684952291439     
   2.0567667176463148E-013   5.0145437366282769E-002  0.59002177725517080     
   2.1786378074875261E-013   5.0253780639959847E-002  0.58835003578787037     
   2.3077302133932448E-013   5.0396534432902498E-002  0.58666310860040372     
   2.4444718252409763E-013   5.0584614646382149E-002  0.58496109664859763     
   2.5893158869774334E-013   5.0808837210553452E-002  0.58322519388027083     
   2.7427424989415731E-013   5.1068026809258593E-002  0.58146001126847013     
   2.9052602092059301E-013   5.1356713870566312E-002  0.57965622337552802     
   3.0774076992107333E-013   5.1671731871964506E-002  0.57781148138260408     
   3.2597555692782418E-013   5.2010050382354171E-002  0.57591922288749442     
   3.4529082299253944E-013   5.2361497778366836E-002  0.57397854873214083     
   3.6575059052437807E-013   5.2722639034262476E-002  0.57198594547247261     
   3.8742267549874100E-013   5.3084852520029792E-002  0.56993967537972201     
   4.1037891224019369E-013   5.3443715072865029E-002  0.56783983739628374     
   4.3469539152462927E-013   5.3790234776835810E-002  0.56568627812306371     
   4.6045271278986397E-013   5.4117616667810245E-002  0.56348104972502588     
   4.8773625129065011E-013   5.4419126939294536E-002  0.56122588999618350     
   5.1663644108362790E-013   5.4687550504783890E-002  0.55892456340932628     
   5.4724907478017018E-013   5.4916428992396335E-002  0.55658131124124044     
   5.7967562106072046E-013   5.5100470791894646E-002  0.55420101601076699     
   6.1402356100302703E-013   5.5234006620456265E-002  0.55178935847578459     
   6.5040674433907870E-013   5.5312343493974146E-002  0.54935271865301893     
   6.8894576682160217E-013   5.5331665356357668E-002  0.54689775399672191     
   7.2976836995090651E-013   5.5289321378313640E-002  0.54443121181695409     
   7.7300986438705624E-013   5.5182758374341910E-002  0.54196032895740875     
   8.1881357845078089E-013   5.5010856384514500E-002  0.53949204358087721     
   8.6733133319973302E-013   5.4773041984266864E-002  0.53703321926735048     
   9.1872394565480248E-013   5.4469600896033400E-002  0.53459045085592516     
   9.7316176184442713E-013   5.4101189896782906E-002  0.53217008420386580     
   1.0308252214338041E-012   5.3669577345867872E-002  0.52977784470448563     
   1.0919054558104615E-012   5.3176534380691594E-002  0.52741919197496812     
   1.1566049216086334E-012   5.2624622778870679E-002  0.52509896225792496     
   1.2251380717723318E-012   5.2016658214239050E-002  0.52282153173621637     
   1.2977320663813644E-012   5.1355687497128058E-002  0.52059077726235625     
   1.3746275255964824E-012   5.0645049502905125E-002  0.51841007850712106     
   1.4560793272193139E-012   4.9888215559405938E-002  0.51628235890054341     
   1.5423574515106938E-012   4.9088808013281922E-002  0.51421009254683725     
   1.6337478760676533E-012   4.8250467589443638E-002  0.51219535347806955     
   1.7305535237251468E-012   4.7376963124961348E-002  0.51023978651021595     
   1.8330952666245471E-012   4.6472045664309521E-002  0.50834472160240307     
   1.9417129897769046E-012   4.5539469089884946E-002  0.50651111354766709     
   2.0567667176463192E-012   4.4582965954034319E-002  0.50473960463347078     
   2.1786378074875259E-012   4.3606241819661017E-002  0.50303053545260779     
   2.3077302133932448E-012   4.2612939202948348E-002  0.50138395152884552     
   2.4444718252409768E-012   4.1606623815012421E-002  0.49979963082267614     
   2.5893158869774276E-012   4.0590770811390627E-002  0.49827710068407877     
   2.7427424989415787E-012   3.9568742525050785E-002  0.49681564171697062     
   2.9052602092059299E-012   3.8543781317625807E-002  0.49541432827780318     
   3.0774076992107334E-012   3.7518975687274324E-002  0.49407200815117697     
   3.2597555692782412E-012   3.6497258988397750E-002  0.49278736484982610     
   3.4529082299253870E-012   3.5481386837783360E-002  0.49155890443734207     
   3.6575059052437878E-012   3.4473936689680455E-002  0.49038500194860329     
   3.8742267549874103E-012   3.3477285947996697E-002  0.48926390743081527     
   4.1037891224019377E-012   3.2493607923419002E-002  0.48819376346492227     
   4.3469539152462926E-012   3.1524874671257939E-002  0.48717264576151470     
   4.6045271278986298E-012   3.0572851291211227E-002  0.48619856889677843     
   4.8773625129065108E-012   2.9639094573070835E-002  0.48526950365078086     
   5.1663644108362784E-012   2.8724959156806406E-002  0.48438340825970105     
   5.4724907478017028E-012   2.7831605716958203E-002  0.48353823477578778     
   5.7967562106072046E-012   2.6960002941459615E-002  0.48273194820057780     
   6.1402356100302592E-012   2.6110939835612180E-002  0.48196254115741710     
   6.5040674433907994E-012   2.5285038974154812E-002  0.48122804617786702     
   6.8894576682160215E-012   2.4482759654046265E-002  0.48052654085751190     
   7.2976836995090657E-012   2.3704418909400601E-002  0.47985616248124702     
   7.7300986438705634E-012   2.2950196903333317E-002  0.47921511281958717     
   8.1881357845077919E-012   2.2220153080753913E-002  0.47860166101709856     
   8.6733133319973500E-012   2.1514236803944799E-002  0.47801415223443700     
   9.1872394565480252E-012   2.0832300575810102E-002  0.47745100471563490     
   9.7316176184442745E-012   2.0174110961257059E-002  0.47691071606493507     
   1.0308252214338042E-011   1.9539358467638573E-002  0.47639186172451503     
   1.0919054558104596E-011   1.8927670046259244E-002  0.47589309313065131     
   1.1566049216086357E-011   1.8338617688000932E-002  0.47541313924034612     
   1.2251380717723319E-011   1.7771727012112718E-002  0.47495080351041535     
   1.2977320663813643E-011   1.7226486381041309E-002  0.47450496085458205     
   1.3746275255964820E-011   1.6702353755673829E-002  0.47407455702430340     
   1.4560793272193110E-011   1.6198763421467359E-002  0.47365860419375128     
   1.5423574515106970E-011   1.5715132790010435E-002  0.47325617790421903     
   1.6337478760676535E-011   1.5250866440614247E-002  0.47286641458839113     
   1.7305535237251469E-011   1.4805362193071983E-002  0.47248850796234770     
   1.8330952666245470E-011   1.4378013175845984E-002  0.47212170522847563     
   1.9417129897769049E-011   1.3968214002654123E-002  0.47176530454403776     
   2.0567667176463190E-011   1.3575361522635540E-002  0.47141865110251707     
   2.1786378074875261E-011   1.3198857970794335E-002  0.47108113511471272     
   2.3077302133932451E-011   1.2838113632922494E-002  0.47075218750834552     
   2.4444718252409764E-011   1.2492547711183515E-002  0.47043127775452337     
   2.5893158869774276E-011   1.2161589505629773E-002  0.47011791173145728     
   2.7427424989415784E-011   1.1844680512556200E-002  0.46981162850362496     
   2.9052602092059298E-011   1.1541273754649693E-002  0.46951199846308939     
   3.0774076992107335E-011   1.1250835220819180E-002  0.46921862136134385     
   3.2597555692782420E-011   1.0972843507583877E-002  0.46893112470070469     
   3.4529082299253870E-011   1.0706791003790796E-002  0.46864916157361103     
   3.6575059052437883E-011   1.0452182474050538E-002  0.46837241024160708     
   3.8742267549874099E-011   1.0208536514264111E-002  0.46810057234620350     
   4.1037891224019372E-011   9.9753846463055493E-003  0.46783337241983869     
   4.3469539152462924E-011   9.7522719665957512E-003  0.46757055694405253     
   4.6045271278986303E-011   9.5387565727180421E-003  0.46731189427504105     
   4.8773625129065116E-011   9.3344106697669654E-003  0.46705717382036172     
   5.1663644108362789E-011   9.1388206563103470E-003  0.46680620593986716     
   5.4724907478017021E-011   8.9515874578226448E-003  0.46655882172207480     
   5.7967562106072048E-011   8.7723276875008097E-003  0.46631487269761335     
   6.1402356100302595E-011   8.6006745113203914E-003  0.46607423037611306     
   6.5040674433907998E-011   8.4362787881097513E-003  0.46583678581025773     
   6.8894576682160224E-011   8.2788101785405115E-003  0.46560244891636415     
   7.2976836995090650E-011   8.1279587749643698E-003  0.46537114741532226     
   7.7300986438705624E-011   7.9834360805533505E-003  0.46514282568984838     
   8.1881357845077913E-011   7.8449764899013383E-003  0.46491744323242262     
   8.6733133319973494E-011   7.7123383154114114E-003  0.46469497291833939     
   9.1872394565480235E-011   7.5853044512779718E-003  0.46447539901944046     
   9.7316176184442738E-011   7.4636832785082083E-003  0.46425871501693766     
   1.0308252214338043E-010   7.3473085971752046E-003  0.46404492144417669     
   1.0919054558104594E-010   7.2360397755898273E-003  0.46383402357494030     
   1.1566049216086358E-010   7.1297610695287587E-003  0.46362602929975438     
   1.2251380717723320E-010   7.0283810594622236E-003  0.46342094710111198     
   1.2977320663813646E-010   6.9318315527637986E-003  0.46321878429176172     
   1.3746275255964819E-010   6.8400663146973633E-003  0.46301954547001339     
   1.4560793272193108E-010   6.7530599209007320E-003  0.46282323131021835     
   1.5423574515106970E-010   6.6708061456173737E-003  0.46262983764780052     
   1.6337478760676534E-010   6.5933166461276975E-003  0.46243935485295457     
   1.7305535237251471E-010   6.5206197159881586E-003  0.46225176749467956     
   1.8330952666245474E-010   6.4527589768204659E-003  0.46206705422879396     
   1.9417129897769049E-010   6.3897923491611176E-003  0.46188518790424210     
   2.0567667176463193E-010   6.3317913169953794E-003  0.46170613580954456     
   2.1786378074875259E-010   6.2788399938982879E-003  0.46152986004927427     
   2.3077302133932448E-010   6.2310349224278415E-003  0.46135631798535737     
   2.4444718252409766E-010   6.1884845624814670E-003  0.46118546273233019     
   2.5893158869774284E-010   6.1513093567699762E-003  0.46101724365312274     
   2.7427424989415788E-010   6.1196416720374867E-003  0.46085160683911547     
   2.9052602092059301E-010   6.0936261539438659E-003  0.46068849556821773     
   3.0774076992107330E-010   6.0734199058335523E-003  0.46052785071619828     
   3.2597555692782413E-010   6.0591932152140923E-003  0.46036961109219476     
   3.4529082299253875E-010   6.0511299915682534E-003  0.46021371373551251     
   3.6575059052437884E-010   6.0494285598125990E-003  0.46006009412367999     
   3.8742267549874102E-010   6.0543024265218813E-003  0.45990868632230653     
   4.1037891224019373E-010   6.0659811949597226E-003  0.45975942305348738     
   4.3469539152462921E-010   6.0847115177172012E-003  0.45961223569801518     
   4.6045271278986304E-010   6.1107581263787963E-003  0.45946705422547945     
   4.8773625129065111E-010   6.1444049206249678E-003  0.45932380705381110     
   5.1663644108362775E-010   6.1859561723914425E-003  0.45918242083176020     
   5.4724907478017020E-010   6.2357377001588787E-003  0.45904282016205761     
   5.7967562106072052E-010   6.2940982060083637E-003  0.45890492724163923     
   6.1402356100302593E-010   6.3614106063863227E-003  0.45876866143482392     
   6.5040674433908001E-010   6.4380734504870425E-003  0.45863393877398201     
   6.8894576682160219E-010   6.5245124326566298E-003  0.45850067137012546     
   7.2976836995090655E-010   6.6211819387316214E-003  0.45836876675292992     
   7.7300986438705619E-010   6.7285666806175086E-003  0.45823812711385076     
   8.1881357845077923E-010   6.8471834309515468E-003  0.45810864845468574     
   8.6733133319973486E-010   6.9775827830992716E-003  0.45798021963381125     
   9.1872394565480238E-010   7.1203510967654720E-003  0.45785272129057175     
   9.7316176184442723E-010   7.2761124070828635E-003  0.45772602465536788     
   1.0308252214338041E-009   7.4455305581656020E-003  0.45759999020500691     
   1.0919054558104593E-009   7.6293113186209054E-003  0.45747446617680526     
   1.1566049216086354E-009   7.8282046974322908E-003  0.45734928689944904     
   1.2251380717723319E-009   8.0430072978944604E-003  0.45722427093734741     
   1.2977320663813643E-009   8.2745648054693942E-003  0.45709921901829786     
   1.3746275255964821E-009   8.5237745958002473E-003  0.45697391172131746     
   1.4560793272193109E-009   8.7915884330723205E-003  0.45684810689741362     
   1.5423574515106970E-009   9.0790152861388168E-003  0.45672153679173977     
   1.6337478760676534E-009   9.3871242664449826E-003  0.45659390483094303     
   1.7305535237251468E-009   9.7170476478276573E-003  0.45646488204011842     
   1.8330952666245471E-009   1.0069984007214197E-002  0.45633410304287669     
   1.9417129897769046E-009   1.0447201445709294E-002  0.45620116159997026     
   2.0567667176463192E-009   1.0850040893389088E-002  0.45606560563089038     
   2.1786378074875260E-009   1.1279919484578300E-002  0.45592693166332909     
   2.3077302133932452E-009   1.1738333973046869E-002  0.45578457864371719     
   2.4444718252409764E-009   1.2226864162570749E-002  0.45563792104132572     
   2.5893158869774279E-009   1.2747176344468678E-002  0.45548626116495722     
   2.7427424989415785E-009   1.3301026670012244E-002  0.45532882061288882     
   2.9052602092059296E-009   1.3890264432145371E-002  0.45516473076026864     
   3.0774076992107333E-009   1.4516835187352426E-002  0.45499302218748933     
   3.2597555692782413E-009   1.5182783651850025E-002  0.45481261294152003     
   3.4529082299253875E-009   1.5890256280776855E-002  0.45462229551630495     
   3.6575059052437879E-009   1.6641503431090464E-002  0.45442072242983617     
   3.8742267549874094E-009   1.7438880978155803E-002  0.45420639027161619     
   4.1037891224019366E-009   1.8284851247471666E-002  0.45397762208474796     
   4.3469539152462921E-009   1.9181983072547520E-002  0.45373254794842588     
   4.6045271278986302E-009   2.0132950785478040E-002  0.45346908362015759     
   4.8773625129065117E-009   2.1140531893053149E-002  0.45318490710454329     
   5.1663644108362779E-009   2.2207603141135755E-002  0.45287743301911593     
   5.4724907478017016E-009   2.3337134660579666E-002  0.45254378464152611     
   5.7967562106072048E-009   2.4532181785232400E-002  0.45218076354491349     
   6.1402356100302587E-009   2.5795874113522289E-002  0.45178481675780552     
   6.5040674433907995E-009   2.7131401302466735E-002  0.45135200142965476     
   6.8894576682160217E-009   2.8541995009230329E-002  0.45087794704393630     
   7.2976836995090645E-009   3.0030906329866026E-002  0.45035781529883800     
   7.7300986438705631E-009   3.1601378005719521E-002  0.44978625788088494     
   8.1881357845077927E-009   3.3256610570538574E-002  0.44915737248934645     
   8.6733133319973494E-009   3.4999721560595193E-002  0.44846465763605209     
   9.1872394565480238E-009   3.6833696808601525E-002  0.44770096695412653     
   9.7316176184442727E-009   3.8761332812177196E-002  0.44685846400185980     
   1.0308252214338041E-008   4.0785169113406398E-002  0.44592857885641385     
   1.0919054558104593E-008   4.2907409624957218E-002  0.44490196815527194     
   1.1566049216086357E-008   4.5129831895996446E-002  0.44376848067054969     
   1.2251380717723320E-008   4.7453683410381753E-002  0.44251713098755846     
   1.2977320663813645E-008   4.9879564207694169E-002  0.44113608441148139     
   1.3746275255964821E-008   5.2407295444650497E-002  0.43961265681853740     
   1.4560793272193109E-008   5.5035773938095098E-002  0.43793333380424604     
   1.5423574515106970E-008   5.7762813373318428E-002  0.43608381411304181     
   1.6337478760676535E-008   6.0584973668035898E-002  0.43404908292894973     
   1.7305535237251470E-008   6.3497381026518196E-002  0.43181352110175142     
   1.8330952666245453E-008   6.6493542497609609E-002  0.42936105669546132     
   1.9417129897769045E-008   6.9565160379028379E-002  0.42667536527350164     
   2.0567667176463190E-008   7.2701953539667200E-002  0.42374012495790769     
   2.1786378074875283E-008   7.5891494647945493E-002  0.42053933136612981     
   2.3077302133932452E-008   7.9119074239851608E-002  0.41705767590957760     
   2.4444718252409741E-008   8.2367604441606262E-002  0.41328098846658656     
   2.5893158869774279E-008   8.5617576712095148E-002  0.40919674202933204     
   2.7427424989415785E-008   8.8847088947756225E-002  0.40479461250663218     
   2.9052602092059327E-008   9.2031957361742467E-002  0.40006708148897641     
   3.0774076992107337E-008   9.5145927363574231E-002  0.39501006363933788     
   3.2597555692782383E-008   9.8160994901934848E-002  0.38962353380882159     
   3.4529082299253872E-008  0.10104784513880706       0.38391212254786289     
   3.6575059052437881E-008  0.10377640881231136       0.37788564312265815     
   3.8742267549874142E-008  0.10631652834821488       0.37155950934274079     
   4.1037891224019371E-008  0.10863871614939064       0.36495500239692741     
   4.3469539152462887E-008  0.11071497729211573       0.35809934735028937     
   4.6045271278986299E-008  0.11251965918214657       0.35102556657688450     
   4.8773625129065110E-008  0.11403028287193229       0.34377208838142853     
   5.1663644108362835E-008  0.11522830606847347       0.33638210397884905     
   5.4724907478017017E-008  0.11609976751566001       0.32890268380263687     
   5.7967562106071983E-008  0.11663576715402856       0.32138368311042148     
   6.1402356100302588E-008  0.11683274628827686       0.31387648494568415     
   6.5040674433908008E-008  0.11669254621402607       0.30643264344886151     
   6.8894576682160293E-008  0.11622224090462049       0.29910250029434515     
   7.2976836995090660E-008  0.11543375739770723       0.29193385027834101     
   7.7300986438705548E-008  0.11434331420260141       0.28497072829445053     
   8.1881357845077931E-008  0.11297072126665614       0.27825237959919780     
   8.6733133319973478E-008  0.11133859325461072       0.27181245977757501     
   9.1872394565480351E-008  0.10947153034301446       0.26567849218207545     
   9.7316176184442734E-008  0.10739531755711562       0.25987159112448532     
   1.0308252214338029E-007  0.10513618582200684       0.25440644089210068     
   1.0919054558104595E-007  0.10272016686035326       0.24929150544957479     
   1.1566049216086356E-007  0.10017256160358909       0.24452943254697970     
   1.2251380717723333E-007   9.7517529568665287E-002  0.24011760927933123     
   1.2977320663813642E-007   9.4777796054175772E-002  0.23604882373615960     
   1.3746275255964808E-007   9.1974465914261228E-002  0.23231198861580793     
   1.4560793272193109E-007   8.9126927458751851E-002  0.22889288668650834     
   1.5423574515106968E-007   8.6252827626515288E-002  0.22577490382574228     
   1.6337478760676550E-007   8.3368099572308257E-002  0.22293972219121791     
   1.7305535237251470E-007   8.0487025578514199E-002  0.22036795314905563     
   1.8330952666245453E-007   7.7622321076460915E-002  0.21803969636083770     
   1.9417129897769050E-007   7.4785228905499435E-002  0.21593501753520677     
   2.0567667176463191E-007   7.1985616238331704E-002  0.21403434255852474     
   2.1786378074875282E-007   6.9232069503370214E-002  0.21231876992607990     
   2.3077302133932446E-007   6.6531984937094446E-002  0.21077030658801618     
   2.4444718252409739E-007   6.3891654037677853E-002  0.20937203455318570     
   2.5893158869774280E-007   6.1316344208864740E-002  0.20810821695565163     
   2.7427424989415783E-007   5.8810375379435433E-002  0.20696435290866622     
   2.9052602092059327E-007   5.6377193499804350E-002  0.20592719048740696     
   3.0774076992107333E-007   5.4019441684782461E-002  0.20498470673970759     
   3.2597555692782383E-007   5.1739029514449579E-002  0.20412606285796450     
   3.4529082299253871E-007   4.9537200714374695E-002  0.20334154167894120     
   3.6575059052437880E-007   4.7414599175120295E-002  0.20262247361616981     
   3.8742267549874134E-007   4.5371333075277180E-002  0.20196115605334319     
   4.1037891224019369E-007   4.3407036752772528E-002  0.20135077019908471     
   4.3469539152462881E-007   4.1520929924911264E-002  0.20078529846601489     
   4.6045271278986300E-007   3.9711873872735400E-002  0.20025944461160589     
   4.8773625129065110E-007   3.7978424264120611E-002  0.19976855817924327     
   5.1663644108362831E-007   3.6318880373630257E-002  0.19930856420247262     
   5.4724907478017013E-007   3.4731330549540876E-002  0.19887589867810557     
   5.7967562106071988E-007   3.3213693868663276E-002  0.19846744996298971     
   6.1402356100302580E-007   3.1763757997823189E-002  0.19808050599229568     
   6.5040674433908005E-007   3.0379213344076832E-002  0.19771270703773283     
   6.8894576682160288E-007   2.9057683622306013E-002  0.19736200361058132     
   7.2976836995090652E-007   2.7796752999876086E-002  0.19702661905259339     
   7.7300986438705546E-007   2.6593989995903247E-002  0.19670501633522355     
   8.1881357845077920E-007   2.5446968321434386E-002  0.19639586859573296     
   8.6733133319973491E-007   2.4353284848720409E-002  0.19609803296640094     
   9.1872394565480351E-007   2.3310574896603594E-002  0.19581052729444612     
   9.7316176184442742E-007   2.2316525016418079E-002  0.19553250939818198     
   1.0308252214338029E-006   2.1368883461027791E-002  0.19526325855484819     
   1.0919054558104592E-006   2.0465468518253326E-002  0.19500215896370790     
   1.1566049216086358E-006   1.9604174890369072E-002  0.19474868497157918     
   1.2251380717723332E-006   1.8782978302184419E-002  0.19450238788587226     
   1.2977320663813645E-006   1.7999938521187153E-002  0.19426288423069360     
   1.3746275255964808E-006   1.7253200973570984E-002  0.19402984532576567     
   1.4560793272193110E-006   1.6540997138586967E-002  0.19380298808538851     
   1.5423574515106969E-006   1.5861643900233608E-002  0.19358206694632263     
   1.6337478760676550E-006   1.5213542029380635E-002  0.19336686684126822     
   1.7305535237251469E-006   1.4595173960744039E-002  0.19315719713870627     
   1.8330952666245454E-006   1.4005101018189189E-002  0.19295288647136588     
   1.9417129897769058E-006   1.3441960228546867E-002  0.19275377837731020     
   2.0567667176463181E-006   1.2904460849488531E-002  0.19255972767716792     
   2.1786378074875278E-006   1.2391380721422863E-002  0.19237059751251664     
   2.3077302133932450E-006   1.1901562537337443E-002  0.19218625697167083     
   2.4444718252409739E-006   1.1433910108942277E-002  0.19200657923109946     
   2.5893158869774292E-006   1.0987384692591523E-002  0.19183144014472392     
   2.7427424989415773E-006   1.0561001424881688E-002  0.19166071721615044     
   2.9052602092059327E-006   1.0153825905333622E-002  0.19149428889473902     
   3.0774076992107334E-006   9.7649709531173624E-003  0.19133203414016017     
   3.2597555692782382E-006   9.3935935553774597E-003  0.19117383220649814     
   3.4529082299253887E-006   9.0388920170786074E-003  0.19101956260111674     
   3.6575059052437865E-006   8.7001033160683753E-003  0.19086910517944183     
   3.8742267549874138E-006   8.3765006618461320E-003  0.19072234034142985     
   4.1037891224019372E-006   8.0673912526351560E-003  0.19057914930028022     
   4.3469539152462874E-006   7.7721142223093299E-003  0.19043941439816475     
   4.6045271278986329E-006   7.4900387664102270E-003  0.19030301944803771     
   4.8773625129065095E-006   7.2205624351051184E-003  0.19016985008434506     
   5.1663644108362837E-006   6.9631095798211168E-003  0.19003979410837496     
   5.4724907478017016E-006   6.7171299399366438E-003  0.18991274181790105     
   5.7967562106071984E-006   6.4820973558606500E-003  0.18978858631256307     
   6.1402356100302623E-006   6.2575085950957081E-003  0.18966722376971484     
   6.5040674433907963E-006   6.0428822784556989E-003  0.18954855368688192     
   6.8894576682160290E-006   5.8377578944476061E-003  0.18943247908908281     
   7.2976836995090650E-006   5.6416948906331428E-003  0.18931890670106025     
   7.7300986438705552E-006   5.4542718319277889E-003  0.18920774708488158     
   8.1881357845077969E-006   5.2750856167778221E-003  0.18909891474514423     
   8.6733133319973447E-006   5.1037507432150544E-003  0.18899232820433795     
   9.1872394565480336E-006   4.9398986179317777E-003  0.18888791005144098     
   9.7316176184442725E-006   4.7831769022653216E-003  0.18878558696738293     
   1.0308252214338031E-005   4.6332488901547012E-003  0.18868528973106832     
   1.0919054558104601E-005   4.4897929137298100E-003  0.18858695320981028     
   1.1566049216086351E-005   4.3525017730073993E-003  0.18849051633798286     
   1.2251380717723333E-005   4.2210821867731700E-003  0.18839592208799621     
   1.2977320663813644E-005   4.0952542622581115E-003  0.18830311743696218     
   1.3746275255964806E-005   3.9747509816859643E-003  0.18821205333329691     
   1.4560793272193116E-005   3.8593177041731179E-003  0.18812268466654866     
   1.5423574515106961E-005   3.7487116817713603E-003  0.18803497024410920     
   1.6337478760676553E-005   3.6427015887143246E-003  0.18794887277862285     
   1.7305535237251470E-005   3.5410670632884085E-003  0.18786435888934228     
   1.8330952666245457E-005   3.4435982616940158E-003  0.18778139912108682     
   1.9417129897769059E-005   3.3500954237772975E-003  0.18769996798450569     
   2.0567667176463180E-005   3.2603684503859725E-003  0.18762004402110186     
   2.1786378074875278E-005   3.1742364923624629E-003  0.18754160989696508     
   2.3077302133932445E-005   3.0915275512441746E-003  0.18746465252886133     
   2.4444718252409746E-005   3.0120780917924431E-003  0.18738916324715055     
   2.5893158869774294E-005   2.9357326665996244E-003  0.18731513799938460     
   2.7427424989415770E-005   2.8623435528762459E-003  0.18724257759954355     
   2.9052602092059321E-005   2.7917704017281961E-003  0.18717148802787653     
   3.0774076992107331E-005   2.7238799000549930E-003  0.18710188078660120     
   3.2597555692782391E-005   2.6585454452422528E-003  0.18703377331776569     
   3.4529082299253886E-005   2.5956468327471183E-003  0.18696718948969185     
   3.6575059052437861E-005   2.5350699566441585E-003  0.18690216015954866     
   3.8742267549874124E-005   2.4767065231293475E-003  0.18683872382044930     
   4.1037891224019368E-005   2.4204537769241820E-003  0.18677692734230175     
   4.3469539152462896E-005   2.3662142404974277E-003  0.18671682681711355     
   4.6045271278986332E-005   2.3138954659243974E-003  0.18665848852058162     
   4.8773625129065085E-005   2.2634097992291439E-003  0.18660199000352493     
   5.1663644108362827E-005   2.2146741569846989E-003  0.18654742132837993     
   5.4724907478017014E-005   2.1676098149367635E-003  0.18649488646807644     
   5.7967562106071998E-005   2.1221422084176773E-003  0.18644450488672945     
   6.1402356100302612E-005   2.0782007443021148E-003  0.18639641332438825     
   6.5040674433907973E-005   2.0357186242777200E-003  0.18635076781085963     
   6.8894576682160271E-005   1.9946326792097415E-003  0.18630774593699856     
   7.2976836995090655E-005   1.9548832144084473E-003  0.18626754941566365     
   7.7300986438705562E-005   1.9164138656381652E-003  0.18623040696896190     
   8.1881357845077949E-005   1.8791714657442325E-003  0.18619657758310601     
   8.6733133319973453E-005   1.8431059218158826E-003  0.18616635417826355     
   9.1872394565480309E-005   1.8081701028617734E-003  0.18614006774685909     
   9.7316176184442742E-005   1.7743197380249631E-003  0.18611809202167423     
   1.0308252214338033E-004   1.7415133254354107E-003  0.18610084874352054     
   1.0919054558104599E-004   1.7097120518681371E-003  0.18608881360821425     
   1.1566049216086351E-004   1.6788797234878799E-003  0.18608252298451053     
   1.2251380717723327E-004   1.6489827079817024E-003  0.18608258150780904     
   1.2977320663813644E-004   1.6199898886229459E-003  0.18608967067054610     
   1.3746275255964810E-004   1.5918726308109196E-003  0.18610455854863325     
   1.4560793272193115E-004   1.5646047618613167E-003  0.18612811082511566     
   1.5423574515106963E-004   1.5381625649825048E-003  0.18616130329820785     
   1.6337478760676546E-004   1.5125247885816936E-003  0.18620523609128242     
   1.7305535237251466E-004   1.4876726723054262E-003  0.18626114981926736     
