   1.9753183156164738E+024   4930000.0000000000       0.29291222429884928        
   0.000000000000000000000   0.000000000000000000000  0.69786120985917599
   1.0308252214338041E-013   1.7120840392103678E-002  0.69786120985917599     
   1.0919054558104616E-013   1.8095488548726290E-002  0.69761315556514825     
   1.1566049216086335E-013   1.9134162079873344E-002  0.69736139541687292     
   1.2251380717723322E-013   2.0208214853131110E-002  0.69708298843250649     
   1.2977320663813645E-013   2.1360134189019938E-002  0.69677126375626408     
   1.3746275255964820E-013   2.2556050511251875E-002  0.69641250414758360     
   1.4560793272193139E-013   2.3821364015157505E-002  0.69601043791867800     
   1.5423574515106935E-013   2.5149897076095332E-002  0.69559020775154434     
   1.6337478760676535E-013   2.6543288785644700E-002  0.69510973335146164     
   1.7305535237251469E-013   2.8009617708770411E-002  0.69457862981851659     
   1.8330952666245472E-013   2.9545153632425433E-002  0.69399424572094603     
   1.9417129897769086E-013   3.1154312064090452E-002  0.69334694638334415     
   2.0567667176463148E-013   3.2837440482587694E-002  0.69262566653726743     
   2.1786378074875261E-013   3.4596805268855585E-002  0.69183037086462429     
   2.3077302133932448E-013   3.6433526590412123E-002  0.69095814631129204     
   2.4444718252409763E-013   3.8347703074585938E-002  0.68998831073467781     
   2.5893158869774334E-013   4.0339964398896387E-002  0.68892398059495141     
   2.7427424989415731E-013   4.2408245056517517E-002  0.68775062794016018     
   2.9052602092059301E-013   4.4553089729982370E-002  0.68646015641080893     
   3.0774076992107333E-013   4.6771728877303971E-002  0.68504609983369547     
   3.2597555692782418E-013   4.9061283316397065E-002  0.68349726866037575     
   3.4529082299253944E-013   5.1417669351544071E-002  0.68180139262696993     
   3.6575059052437807E-013   5.3836015594863874E-002  0.67995013109889957     
   3.8742267549874100E-013   5.6309869922992466E-002  0.67793312293260088     
   4.1037891224019369E-013   5.8831629055452958E-002  0.67574135430843218     
   4.3469539152462927E-013   6.1392141881709418E-002  0.67336431538687258     
   4.6045271278986397E-013   6.3981002771086232E-002  0.67079360958236633     
   4.8773625129065011E-013   6.6586390938513651E-002  0.66802106673287065     
   5.1663644108362790E-013   6.9194647481909080E-002  0.66504056953148027     
   5.4724907478017018E-013   7.1790740221728586E-002  0.66184660136569173     
   5.7967562106072046E-013   7.4358702236936178E-002  0.65843575019359424     
   6.1402356100302703E-013   7.6880847789619289E-002  0.65480687368774493     
   6.5040674433907870E-013   7.9338881836799130E-002  0.65096104622435003     
   6.8894576682160217E-013   8.1713291824999548E-002  0.64690198558174850     
   7.2976836995090651E-013   8.3984381557275709E-002  0.64263638430611592     
   7.7300986438705624E-013   8.6132433571082134E-002  0.63817383239136749     
   8.1881357845078089E-013   8.8137835549922786E-002  0.63352703403767685     
   8.6733133319973302E-013   8.9981815560262995E-002  0.62871167908948433     
   9.1872394565480248E-013   9.1646772668417545E-002  0.62374641224529748     
   9.7316176184442713E-013   9.3116684867531441E-002  0.61865261438562735     
   1.0308252214338041E-012   9.4377496504288824E-002  0.61345383577827861     
   1.0919054558104615E-012   9.5417700650210005E-002  0.60817564514291167     
   1.1566049216086334E-012   9.6228359428195659E-002  0.60284498707429779     
   1.2251380717723318E-012   9.6803410170503465E-002  0.59748955581512597     
   1.2977320663813644E-012   9.7139968474916003E-002  0.59213732882440595     
   1.3746275255964824E-012   9.7238160952055411E-002  0.58681570937866601     
   1.4560793272193139E-012   9.7101138611768403E-002  0.58155127716367461     
   1.5423574515106938E-012   9.6735045943529246E-002  0.57636894987940257     
   1.6337478760676533E-012   9.6148586179087767E-002  0.57129165694280437     
   1.7305535237251468E-012   9.5352917238244406E-002  0.56633992750634587     
   1.8330952666245471E-012   9.4361172864898812E-002  0.56153161639171334     
   1.9417129897769046E-012   9.3188182612648884E-002  0.55688173719983614     
   2.0567667176463192E-012   9.1850066042286474E-002  0.55240234383042497     
   2.1786378074875259E-012   9.0363775582845834E-002  0.54810262194502890     
   2.3077302133932448E-012   8.8746830544940772E-002  0.54398891513441006     
   2.4444718252409768E-012   8.7016862941192791E-002  0.54006496779377755     
   2.5893158869774276E-012   8.5191391375080028E-002  0.53633209626936673     
   2.7427424989415787E-012   8.3287496776696390E-002  0.53278947299027080     
   2.9052602092059299E-012   8.1321629095773854E-002  0.52943439076425369     
   3.0774076992107334E-012   7.9309397958684802E-002  0.52626256502411217     
   3.2597555692782412E-012   7.7265451674039448E-002  0.52326839999725772     
   3.4529082299253870E-012   7.5203369972066003E-002  0.52044526394835022     
   3.6575059052437878E-012   7.3135604493251891E-002  0.51778573573587905     
   3.8742267549874103E-012   7.1073450751431372E-002  0.51528182709373338     
   4.1037891224019377E-012   6.9027036133536598E-002  0.51292518334140269     
   4.3469539152462926E-012   6.7005354932525005E-002  0.51070724739263607     
   4.6045271278986298E-012   6.5016292381817400E-002  0.50861940767333136     
   4.8773625129065108E-012   6.3066690167092071E-002  0.50665310949188858     
   5.1663644108362784E-012   6.1162397259257005E-002  0.50479995386770404     
   5.4724907478017028E-012   5.9308344758100789E-002  0.50305176649405725     
   5.7967562106072046E-012   5.7508615373962360E-002  0.50140065231376418     
   6.1402356100302592E-012   5.5766520137173654E-002  0.49983903517798278     
   6.5040674433907994E-012   5.4084667883085746E-002  0.49835968005506204     
   6.8894576682160215E-012   5.2465037157614150E-002  0.49695570765393310     
   7.2976836995090657E-012   5.0909044894852880E-002  0.49562059852171703     
   7.7300986438705634E-012   4.9417606284176400E-002  0.49434819032333666     
   8.1881357845077919E-012   4.7991194419991889E-002  0.49313267036996189     
   8.6733133319973500E-012   4.6629893629848013E-002  0.49196856258150040     
   9.1872394565480252E-012   4.5333445106344780E-002  0.49085071387696527     
   9.7316176184442745E-012   4.4101291048959629E-002  0.48977427625857106     
   1.0308252214338042E-011   4.2932610019442714E-002  0.48873469074975429     
   1.0919054558104596E-011   4.1826349863587152E-002  0.48772766949409962     
   1.1566049216086357E-011   4.0781254443537356E-002  0.48674917869471390     
   1.2251380717723319E-011   3.9795886678442867E-002  0.48579542409716603     
   1.2977320663813643E-011   3.8868648051544726E-002  0.48486283520405110     
   1.3746275255964820E-011   3.7997793873903882E-002  0.48394805400270885     
   1.4560793272193110E-011   3.7181446231023152E-002  0.48304792449280842     
   1.5423574515106970E-011   3.6417604339243334E-002  0.48215948453307900     
   1.6337478760676535E-011   3.5704152944281781E-002  0.48127996046846844     
   1.7305535237251469E-011   3.5038869796354677E-002  0.48040676361415380     
   1.8330952666245470E-011   3.4419431877649009E-002  0.47953748982565803     
   1.9417129897769049E-011   3.3843421733557588E-002  0.47866992068391101     
   2.0567667176463190E-011   3.3308334174259484E-002  0.47780202678286371     
   2.1786378074875261E-011   3.2811583513146066E-002  0.47693197282230981     
   2.3077302133932451E-011   3.2350512254314741E-002  0.47605812403523795     
   2.4444718252409764E-011   3.1922401369216681E-002  0.47517905332106991     
   2.5893158869774276E-011   3.1524482104173628E-002  0.47429354863229906     
   2.7427424989415784E-011   3.1153950183203688E-002  0.47340062046173564     
   2.9052602092059298E-011   3.0807981829387838E-002  0.47249950831598836     
   3.0774076992107335E-011   3.0483751749923797E-002  0.47158968603778240     
   3.2597555692782420E-011   3.0178453187913991E-002  0.47067086514059681     
   3.4529082299253870E-011   2.9889319191639251E-002  0.46974299610038500     
   3.6575059052437883E-011   2.9613645530309003E-002  0.46880626673637432     
   3.8742267549874099E-011   2.9348813882284330E-002  0.46786109767653855     
   4.1037891224019372E-011   2.9092315637244702E-002  0.46690813473531961     
   4.3469539152462924E-011   2.8841775218665589E-002  0.46594823782900169     
   4.6045271278986303E-011   2.8594972531937064E-002  0.46498246694897488     
   4.8773625129065116E-011   2.8349864088854187E-002  0.46401206492191366     
   5.1663644108362789E-011   2.8104602157025187E-002  0.46303843745703693     
   5.4724907478017021E-011   2.7857551618621867E-002  0.46206313089693779     
   5.7967562106072048E-011   2.7607304084061295E-002  0.46108780800698673     
   6.1402356100302595E-011   2.7352689141733628E-002  0.46011422225885834     
   6.5040674433907998E-011   2.7092782404524340E-002  0.45914419119340866     
   6.8894576682160224E-011   2.6826910325023722E-002  0.45817956924092224     
   7.2976836995090650E-011   2.6554651791308156E-002  0.45722222051469641     
   7.7300986438705624E-011   2.6275836321779149E-002  0.45627399199513391     
   8.1881357845077913E-011   2.5990539074258238E-002  0.45533668757772411     
   8.6733133319973494E-011   2.5699072665061683E-002  0.45441204330442586     
   9.1872394565480235E-011   2.5401975907509280E-002  0.45350170438869503     
   9.7316176184442738E-011   2.5099999744823173E-002  0.45260720428785678     
   1.0308252214338043E-010   2.4794090526654090E-002  0.45172994631142538     
   1.0919054558104594E-010   2.4485371236081906E-002  0.45087118810514415     
   1.1566049216086358E-010   2.4175120821097743E-002  0.45003202931127345     
   1.2251380717723320E-010   2.3864752466119188E-002  0.44921340259493442     
   1.2977320663813646E-010   2.3555791184495412E-002  0.44841606811528389     
   1.3746275255964819E-010   2.3249851473944556E-002  0.44764061141725370     
   1.4560793272193108E-010   2.2948615589557974E-002  0.44688744450240186     
   1.5423574515106970E-010   2.2653813016900819E-002  0.44615680990775303     
   1.6337478760676534E-010   2.2367201532296044E-002  0.44544878729012760     
   1.7305535237251471E-010   2.2090550412976803E-002  0.44476330217220528     
   1.8330952666245474E-010   2.1825625857040214E-002  0.44410013629119188     
   1.9417129897769049E-010   2.1574178945880294E-002  0.44345893913843404     
   2.0567667176463193E-010   2.1337936144030914E-002  0.44283924013723491     
   2.1786378074875259E-010   2.1118592300082933E-002  0.44224046110821352     
   2.3077302133932448E-010   2.0917806109829250E-002  0.44166192855164832     
   2.4444718252409766E-010   2.0737197840516256E-002  0.44110288546596144     
   2.5893158869774284E-010   2.0578349135315397E-002  0.44056250238585853     
   2.7427424989415788E-010   2.0442804700738348E-002  0.44003988743462563     
   2.9052602092059301E-010   2.0332075609260741E-002  0.43953409519805792     
   3.0774076992107330E-010   2.0247644002831858E-002  0.43904413430109729     
   3.2597555692782413E-010   2.0190968961681991E-002  0.43856897358230135     
   3.4529082299253875E-010   2.0163493303528138E-002  0.43810754682210423     
   3.6575059052437884E-010   2.0166651117728359E-002  0.43765875597435105     
   3.8742267549874102E-010   2.0201875841308635E-002  0.43722147289804009     
   4.1037891224019373E-010   2.0270608682274503E-002  0.43679453958365194     
   4.3469539152462921E-010   2.0374307267937031E-002  0.43637676687814397     
   4.6045271278986304E-010   2.0514454357005014E-002  0.43596693172395540     
   4.8773625129065111E-010   2.0692566477335486E-002  0.43556377291791304     
   5.1663644108362775E-010   2.0910202416364963E-002  0.43516598539053403     
   5.4724907478017020E-010   2.1168971425004495E-002  0.43477221301210589     
   5.7967562106072052E-010   2.1470541051994085E-002  0.43438103990189275     
   6.1402356100302593E-010   2.1816644523755268E-002  0.43399098022326427     
   6.5040674433908001E-010   2.2209087556373314E-002  0.43360046642413286     
   6.8894576682160219E-010   2.2649754516362849E-002  0.43320783587577144     
   7.2976836995090655E-010   2.3140613810489336E-002  0.43281131583999788     
   7.7300986438705619E-010   2.3683722378169052E-002  0.43240900669825177     
   8.1881357845077923E-010   2.4281229149162972E-002  0.43199886334673171     
   8.6733133319973486E-010   2.4935377294468753E-002  0.43157867466709221     
   9.1872394565480238E-010   2.5648505066434527E-002  0.43114604097027193     
   9.7316176184442723E-010   2.6423044994001180E-002  0.43069834930938611     
   1.0308252214338041E-009   2.7261521161956296E-002  0.43023274656354837     
   1.0919054558104593E-009   2.8166544238444408E-002  0.42974611020501613     
   1.1566049216086354E-009   2.9140803872395208E-002  0.42923501668342812     
   1.2251380717723319E-009   3.0187058016322061E-002  0.42869570739237289     
   1.2977320663813643E-009   3.1308118667549872E-002  0.42812405222872951     
   1.3746275255964821E-009   3.2506833434080694E-002  0.42751551082528105     
   1.4560793272193109E-009   3.3786062266279927E-002  0.42686509161749631     
   1.5423574515106970E-009   3.5148648606743924E-002  0.42616730902331917     
   1.6337478760676534E-009   3.6597384129151318E-002  0.42541613915923138     
   1.7305535237251468E-009   3.8134966168212853E-002  0.42460497469626973     
   1.8330952666245471E-009   3.9763946850757695E-002  0.42372657969402217     
   1.9417129897769046E-009   4.1486672923184177E-002  0.42277304551807654     
   2.0567667176463192E-009   4.3305215210791004E-002  0.42173574928899293     
   2.1786378074875260E-009   4.5221286681277305E-002  0.42060531670042728     
   2.3077302133932452E-009   4.7236148155038113E-002  0.41937159150321252     
   2.4444718252409764E-009   4.9350500847289515E-002  0.41802361447379932     
   2.5893158869774279E-009   5.1564365184659407E-002  0.41654961526416201     
   2.7427424989415785E-009   5.3876945708078834E-002  0.41493702115224085     
   2.9052602092059296E-009   5.6286482418020610E-002  0.41317248735351053     
   3.0774076992107333E-009   5.8790089629874503E-002  0.41124195418149678     
   3.2597555692782413E-009   6.1383584352594313E-002  0.40913073689894769     
   3.4529082299253875E-009   6.4061307376715143E-002  0.40682365451244790     
   3.6575059052437879E-009   6.6815941682591015E-002  0.40430520393543412     
   3.8742267549874094E-009   6.9638334438211852E-002  0.40155978575718348     
   4.1037891224019366E-009   7.2517330709700817E-002  0.39857198717326447     
   4.3469539152462921E-009   7.5439628976622680E-002  0.39532692629969113     
   4.6045271278986302E-009   7.8389670475762077E-002  0.39181065996662906     
   4.8773625129065117E-009   8.1349576128779522E-002  0.38801065401925122     
   5.1663644108362779E-009   8.4299146046297929E-002  0.38391631108255991     
   5.4724907478017016E-009   8.7215937052044099E-002  0.37951954566157764     
   5.7967562106072048E-009   9.0075432973413000E-002  0.37481539048742768     
   6.1402356100302587E-009   9.2851320254021416E-002  0.36980261148307625     
   6.5040674433907995E-009   9.5515877461527787E-002  0.36448430210409011     
   6.8894576682160217E-009   9.8040481343252855E-002  0.35886842180874107     
   7.2976836995090645E-009  0.10039622426298131       0.35296823890752438     
   7.7300986438705631E-009  0.10255462851004714       0.34680263599189232     
   8.1881357845077927E-009  0.10448843277723402       0.34039623749529602     
   8.6733133319973494E-009  0.10617241610311350       0.33377932441267333     
   9.1872394565480238E-009  0.10758421605839476       0.32698751113463309     
   9.7316176184442727E-009  0.10870509231677557       0.32006117349258706     
   1.0308252214338041E-008  0.10952058526270289       0.31304463453598314     
   1.0919054558104593E-008  0.11002102281546314       0.30598513368859265     
   1.1566049216086357E-008  0.11020183743104382       0.29893162364422354     
   1.2251380717723320E-008  0.11006366870636299       0.29193345535338133     
   1.2977320663813645E-008  0.10961224379795217       0.28503902255467956     
   1.3746275255964821E-008  0.10885804597703572       0.27829444193376746     
   1.4560793272193109E-008  0.10781579876345733       0.27174234244236439     
   1.5423574515106970E-008  0.10650380701020611       0.26542082788955818     
   1.6337478760676535E-008  0.10494320533929877       0.25936266193361929     
   1.7305535237251470E-008  0.10315716755625445       0.25359470602927581     
   1.8330952666245453E-008  0.10117012813680530       0.24813762112484164     
   1.9417129897769045E-008   9.9007059440551853E-002  0.24300582513689839     
   2.0567667176463190E-008   9.6692837490294462E-002  0.23820768238182452     
   2.1786378074875283E-008   9.4251716737181829E-002  0.23374588935476698     
   2.3077302133932452E-008   9.1706921965034258E-002  0.22961801402719700     
   2.4444718252409741E-008   8.9080354791750582E-002  0.22581714303890971     
   2.5893158869774279E-008   8.6392404046047824E-002  0.22233259217115028     
   2.7427424989415785E-008   8.3661844034963934E-002  0.21915063942794918     
   2.9052602092059327E-008   8.0905802302710411E-002  0.21625524595321727     
   3.0774076992107337E-008   7.8139778485687011E-002  0.21362873696642931     
   3.2597555692782383E-008   7.5377697655804737E-002  0.21125242214673434     
   3.4529082299253872E-008   7.2631984419630438E-002  0.20910714185134319     
   3.6575059052437881E-008   6.9913647358589653E-002  0.20717373181667170     
   3.8742267549874142E-008   6.7232366640417804E-002  0.20543340431872198     
   4.1037891224019371E-008   6.4596580451205865E-002  0.20386804804666928     
   4.3469539152462887E-008   6.2013568101129263E-002  0.20246045215588510     
   4.6045271278986299E-008   5.9489529194238194E-002  0.20119446217032042     
   4.8773625129065110E-008   5.7029659174866486E-002  0.20005507670527306     
   5.1663644108362835E-008   5.4638221984260382E-002  0.19902849451713928     
   5.4724907478017017E-008   5.2318620619336981E-002  0.19810212130926802     
   5.7967562106071983E-008   5.0073466218885532E-002  0.19726454518720313     
   6.1402356100302588E-008   4.7904646028127662E-002  0.19650548880815041     
   6.5040674433908008E-008   4.5813390298995116E-002  0.19581574523782094     
   6.8894576682160293E-008   4.3800337928393121E-002  0.19518710342058546     
   7.2976836995090660E-008   4.1865600451822742E-002  0.19461226806983786     
   7.7300986438705548E-008   4.0008823903632099E-002  0.19408477775502000     
   8.1881357845077931E-008   3.8229248024234434E-002  0.19359892403762902     
   8.6733133319973478E-008   3.6525762324106162E-002  0.19314967371210170     
   9.1872394565480351E-008   3.4896958588169352E-002  0.19273259554403119     
   9.7316176184442734E-008   3.3341179504913832E-002  0.19234379236374613     
   1.0308252214338029E-007   3.1856563216837573E-002  0.19197983895668400     
   1.0919054558104595E-007   3.0441083701569619E-002  0.19163772587898636     
   1.1566049216086356E-007   2.9092586996620814E-002  0.19131480909960782     
   1.2251380717723333E-007   2.7808823370693004E-002  0.19100876521474530     
   1.2977320663813642E-007   2.6587475617892667E-002  0.19071755187968539     
   1.3746275255964808E-007   2.5426183706584705E-002  0.19043937304520683     
   1.4560793272193109E-007   2.4322566053627044E-002  0.19017264855929411     
   1.5423574515106968E-007   2.3274237718284053E-002  0.18991598769024171     
   1.6337478760676550E-007   2.2278825819844306E-002  0.18966816613858922     
   1.7305535237251470E-007   2.1333982482169535E-002  0.18942810612586089     
   1.8330952666245453E-007   2.0437395597871277E-002  0.18919485917519743     
   1.9417129897769050E-007   1.9586797687927558E-002  0.18896759122935750     
   2.0567667176463191E-007   1.8779973110026188E-002  0.18874556978306065     
   2.1786378074875282E-007   1.8014763843901386E-002  0.18852815273980258     
   2.3077302133932446E-007   1.7289074054620494E-002  0.18831477873475183     
   2.4444718252409739E-007   1.6600873608001665E-002  0.18810495869787056     
   2.5893158869774280E-007   1.5948200686601906E-002  0.18789826846206084     
   2.7427424989415783E-007   1.5329163631308500E-002  0.18769434225110859     
   2.9052602092059327E-007   1.4741942114020678E-002  0.18749286691042635     
   3.0774076992107333E-007   1.4184787730737360E-002  0.18729357676988390     
   3.2597555692782383E-007   1.3656024093004230E-002  0.18709624905110686     
   3.4529082299253871E-007   1.3154046487870375E-002  0.18690069975137816     
   3.6575059052437880E-007   1.2677321172493946E-002  0.18670677995182988     
   3.8742267549874134E-007   1.2224384367843181E-002  0.18651437250856204     
   4.1037891224019369E-007   1.1793841015269471E-002  0.18632338909143065     
   4.3469539152462881E-007   1.1384363360010953E-002  0.18613376753758151     
   4.6045271278986300E-007   1.0994689422201767E-002  0.18594546948435531     
   4.8773625129065110E-007   1.0623621413297427E-002  0.18575847824292779     
   5.1663644108362831E-007   1.0270024147267820E-002  0.18557279686825551     
   5.4724907478017013E-007   9.9328234856627985E-003  0.18538844637625246     
   5.7967562106071988E-007   9.6110048422402821E-003  0.18520546405636082     
   6.1402356100302580E-007   9.3036117576792993E-003  0.18502390182776210     
   6.5040674433908005E-007   9.0097445392005853E-003  0.18484382459129153     
   6.8894576682160288E-007   8.7285589452387631E-003  0.18466530853703125     
   7.2976836995090652E-007   8.4592648831533692E-003  0.18448843937880363     
   7.7300986438705546E-007   8.2011250790853148E-003  0.18431331050089719     
   8.1881357845077920E-007   7.9534536761881620E-003  0.18414002101724875     
   8.6733133319973491E-007   7.7156147163251962E-003  0.18396867375941853     
   9.1872394565480351E-007   7.4870204681580814E-003  0.18379937322272755     
   9.7316176184442742E-007   7.2671295724456115E-003  0.18363222351127267     
   1.0308252214338029E-006   7.0554449882981752E-003  0.18346732633003429     
   1.0919054558104592E-006   6.8515117379435346E-003  0.18330477907519419     
   1.1566049216086358E-006   6.6549144615339617E-003  0.18314467307315616     
   1.2251380717723332E-006   6.4652748065281759E-003  0.18298709201358132     
   1.2977320663813645E-006   6.2822486869084345E-003  0.18283211061428903     
   1.3746275255964808E-006   6.1055234557075878E-003  0.18267979354503941     
   1.4560793272193110E-006   5.9348150386067319E-003  0.18253019462698925     
   1.5423574515106969E-006   5.7698650785341487E-003  0.18238335631194122     
   1.6337478760676550E-006   5.6104381392568592E-003  0.18223930943529654     
   1.7305535237251469E-006   5.4563190121947732E-003  0.18209807322688668     
   1.8330952666245454E-006   5.3073101647565383E-003  0.18195965555592652     
   1.9417129897769058E-006   5.1632293612499554E-003  0.18182405338065327     
   2.0567667176463181E-006   5.0239074795875764E-003  0.18169125336921416     
   2.1786378074875278E-006   4.8891865389585967E-003  0.18156123265715524     
   2.3077302133932450E-006   4.7589179460700232E-003  0.18143395970614870     
   2.4444718252409739E-006   4.6329609605797861E-003  0.18130939523061054     
   2.5893158869774292E-006   4.5111813743754052E-003  0.18118749316139560     
   2.7427424989415773E-006   4.3934503945292410E-003  0.18106820161861351     
   2.9052602092059327E-006   4.2796437158828813E-003  0.18095146387090633     
   3.0774076992107334E-006   4.1696407667464377E-003  0.18083721926097118     
   3.2597555692782382E-006   4.0633241094295168E-003  0.18072540408254942     
   3.4529082299253887E-006   3.9605789766748931E-003  0.18061595239785697     
   3.6575059052437865E-006   3.8612929251368683E-003  0.18050879678712850     
   3.8742267549874138E-006   3.7653555876442889E-003  0.18040386902713507     
   4.1037891224019372E-006   3.6726585072265222E-003  0.18030110069601976     
   4.3469539152462874E-006   3.5830950372526451E-003  0.18020042370586958     
   4.6045271278986329E-006   3.4965602937527050E-003  0.18010177076533374     
   4.8773625129065095E-006   3.4129511477859168E-003  0.18000507577615443     
   5.1663644108362837E-006   3.3321662474655109E-003  0.17991027416880151     
   5.4724907478017016E-006   3.2541060610488219E-003  0.17981730318226041     
   5.7967562106071984E-006   3.1786729340801956E-003  0.17972610209396228     
   6.1402356100302623E-006   3.1057711550762689E-003  0.17963661240545692     
   6.5040674433907963E-006   3.0353070255447713E-003  0.17954877798945304     
   6.8894576682160290E-006   2.9671889312375141E-003  0.17946254520335891     
   7.2976836995090650E-006   2.9013274124664299E-003  0.17937786297404962     
   7.7300986438705552E-006   2.8376352319397224E-003  0.17929468285806949     
   8.1881357845077969E-006   2.7760274392989513E-003  0.17921295908074042     
   8.6733133319973447E-006   2.7164214314792036E-003  0.17913264855770417     
   9.1872394565480336E-006   2.6587370086822832E-003  0.17905371090107997     
   9.7316176184442725E-006   2.6028964254121759E-003  0.17897610841275899     
   1.0308252214338031E-005   2.5488244361038682E-003  0.17889980606676228     
   1.0919054558104601E-005   2.4964483348577184E-003  0.17882477148232617     
   1.1566049216086351E-005   2.4456979883264746E-003  0.17875097488967964     
   1.2251380717723333E-005   2.3965058610862667E-003  0.17867838909023107     
   1.2977320663813644E-005   2.3488070323803567E-003  0.17860698941304928     
   1.3746275255964806E-005   2.3025392031995793E-003  0.17853675367017091     
   1.4560793272193116E-005   2.2576426929277246E-003  0.17846766211304083     
   1.5423574515106961E-005   2.2140604244287061E-003  0.17839969739316686     
   1.6337478760676553E-005   2.1717378973517671E-003  0.17833284453015266     
   1.7305535237251470E-005   2.1306231492510368E-003  0.17826709089051473     
   1.8330952666245457E-005   2.0906667047170774E-003  0.17820242618102394     
   1.9417129897769059E-005   2.0518215130529379E-003  0.17813884246039929     
   2.0567667176463180E-005   2.0140428755341666E-003  0.17807633417309898     
   2.1786378074875278E-005   1.9772883633562689E-003  0.17801489820908215     
   2.3077302133932445E-005   1.9415177280563166E-003  0.17795453399332023     
   2.4444718252409746E-005   1.9066928060712182E-003  0.17789524360864128     
   2.5893158869774294E-005   1.8727774193488147E-003  0.17783703195545514     
   2.7427424989415770E-005   1.8397372739112927E-003  0.17777990695199947     
   2.9052602092059321E-005   1.8075398581744177E-003  0.17772387977852516     
   3.0774076992107331E-005   1.7761543427800347E-003  0.17766896516919903     
   3.2597555692782391E-005   1.7455514832633323E-003  0.17761518175549718     
   3.4529082299253886E-005   1.7157035269362083E-003  0.17756255246550987     
   3.6575059052437861E-005   1.6865841248839615E-003  0.17751110498383388     
   3.8742267549874124E-005   1.6581682498114860E-003  0.17746087227753846     
   4.1037891224019368E-005   1.6304321202158555E-003  0.17741189319439843     
   4.3469539152462896E-005   1.6033531311479144E-003  0.17736421314060383     
   4.6045271278986332E-005   1.5769097916370630E-003  0.17731788484618843     
   4.8773625129065085E-005   1.5510816687124248E-003  0.17727296922782426     
   5.1663644108362827E-005   1.5258493378484815E-003  0.17722953635977012     
   5.4724907478017014E-005   1.5011943395428471E-003  0.17718766656584606     
   5.7967562106071998E-005   1.4770991417829404E-003  0.17714745164645646     
   6.1402356100302612E-005   1.4535471080402273E-003  0.17710899625740351     
   6.5040674433907973E-005   1.4305224705011496E-003  0.17707241945893737     
   6.8894576682160271E-005   1.4080103082526731E-003  0.17703785645634290     
   7.2976836995090655E-005   1.3859965301794681E-003  0.17700546055615168     
   7.7300986438705562E-005   1.3644678623843838E-003  0.17697540536525172     
   8.1881357845077949E-005   1.3434118400047687E-003  0.17694788726394173     
   8.6733133319973453E-005   1.3228168033610271E-003  0.17692312818810876     
   9.1872394565480309E-005   1.3026718984463365E-003  0.17690137876040138     
   9.7316176184442742E-005   1.2829670818411234E-003  0.17688292181597673     
   1.0308252214338033E-004   1.2636931302125141E-003  0.17686807637426796     
   1.0919054558104599E-004   1.2448416546434638E-003  0.17685720211591363     
   1.1566049216086351E-004   1.2264051201215970E-003  0.17685070443187056     
   1.2251380717723327E-004   1.2083768706150307E-003  0.17684904012173319     
   1.2977320663813644E-004   1.1907511602629404E-003  0.17685272382927927     
   1.3746275255964810E-004   1.1735231913266293E-003  0.17686233531649376     
   1.4560793272193115E-004   1.1566891596767740E-003  0.17687852769255646     
   1.5423574515106963E-004   1.1402463087447810E-003  0.17690203673231597     
   1.6337478760676546E-004   1.1241929930382820E-003  0.17693369143994994     
   1.7305535237251466E-004   1.1085287525348614E-003  0.17697442603869190     
   100000000000000000000.0   0.000000000000000000000  0.00000000000000000
