   6.0740298027978114E+024   7140000.0000000000       0.28966422452441853     
   1.0308252214338041E-013   3.1859665104894928E-002  0.64527844955063229     
   1.0919054558104616E-013   3.2677997373560023E-002  0.64438547274223845     
   1.1566049216086335E-013   3.3982646767212792E-002  0.64337579595366279     
   1.2251380717723322E-013   3.4909829544918544E-002  0.64238405647387120     
   1.2977320663813645E-013   3.6020820249898867E-002  0.64131157271785100     
   1.3746275255964820E-013   3.6902156097876823E-002  0.64016955807782183     
   1.4560793272193139E-013   3.8101826164863982E-002  0.63896235197812001     
   1.5423574515106935E-013   3.9277502699111164E-002  0.63771091483451092     
   1.6337478760676535E-013   4.0475157350195912E-002  0.63637388250977911     
   1.7305535237251469E-013   4.1743995273762817E-002  0.63495251093687544     
   1.8330952666245472E-013   4.3028771613145986E-002  0.63346462364318734     
   1.9417129897769086E-013   4.4335013669494980E-002  0.63188477549720468     
   2.0567667176463148E-013   4.5625518929930949E-002  0.63023061064169539     
   2.1786378074875261E-013   4.6951049348855321E-002  0.62848012926728303     
   2.3077302133932448E-013   4.8306990077518715E-002  0.62664095197259639     
   2.4444718252409763E-013   4.9659879900339966E-002  0.62471106844851987     
   2.5893158869774334E-013   5.1011515969743404E-002  0.62268662147802545     
   2.7427424989415731E-013   5.2360942292340659E-002  0.62056590563215552     
   2.9052602092059301E-013   5.3701689243475036E-002  0.61835160634150266     
   3.0774076992107333E-013   5.5020609818026728E-002  0.61604622109281315     
   3.2597555692782418E-013   5.6325358122051326E-002  0.61364581246568650     
   3.4529082299253944E-013   5.7599707221916860E-002  0.61115308748836850     
   3.6575059052437807E-013   5.8843481784106311E-002  0.60856996843438893     
   3.8742267549874100E-013   6.0048795415264984E-002  0.60589807084303893     
   4.1037891224019369E-013   6.1211622849150660E-002  0.60313950239769210     
   4.3469539152462927E-013   6.2325184120478688E-002  0.60029662219029623     
   4.6045271278986397E-013   6.3384503580156432E-002  0.59737272507473638     
   4.8773625129065011E-013   6.4384152169963849E-002  0.59437012245542742     
   5.1663644108362790E-013   6.5317050768304574E-002  0.59129384860910372     
   5.4724907478017018E-013   6.6178128264792163E-002  0.58814748061306166     
   5.7967562106072046E-013   6.6960669955021909E-002  0.58493660339178943     
   6.1402356100302703E-013   6.7659117775363681E-002  0.58166698591674904     
   6.5040674433907870E-013   6.8267357058073797E-002  0.57834512826358331     
   6.8894576682160217E-013   6.8779030823118661E-002  0.57497873356807361     
   7.2976836995090651E-013   6.9189212721328275E-002  0.57157594890072028     
   7.7300986438705624E-013   6.9492744557841116E-002  0.56814575450615679     
   8.1881357845078089E-013   6.9685098910428830E-002  0.56469819372192853     
   8.6733133319973302E-013   6.9763060600559007E-002  0.56124356327578218     
   9.1872394565480248E-013   6.9723758506091138E-002  0.55779283063685015     
   9.7316176184442713E-013   6.9565637249256906E-002  0.55435730955501616     
   1.0308252214338041E-012   6.9288315439170994E-002  0.55094827944392222     
   1.0919054558104615E-012   6.8892537541148463E-002  0.54757705836730086     
   1.1566049216086334E-012   6.8380222588567810E-002  0.54425459881833049     
   1.2251380717723318E-012   6.7754491027173638E-002  0.54099141303877196     
   1.2977320663813644E-012   6.7019793180470813E-002  0.53779720159555111     
   1.3746275255964824E-012   6.6181497319474217E-002  0.53468083519775844     
   1.4560793272193139E-012   6.5245853312919655E-002  0.53165026425510598     
   1.5423574515106938E-012   6.4220048187806480E-002  0.52871221202089747     
   1.6337478760676533E-012   6.3111823730443981E-002  0.52587238894935540     
   1.7305535237251468E-012   6.1929443655108073E-002  0.52313517129387488     
   1.8330952666245471E-012   6.0681501752227959E-002  0.52050386996937936     
   1.9417129897769046E-012   5.9376725387496797E-002  0.51798058156808169     
   2.0567667176463192E-012   5.8023880760793414E-002  0.51556639542364247     
   2.1786378074875259E-012   5.6631548821535857E-002  0.51326137946227468     
   2.3077302133932448E-012   5.5208137871034978E-002  0.51106469170497493     
   2.4444718252409768E-012   5.3761678916244400E-002  0.50897473496881374     
   2.5893158869774276E-012   5.2299762429003895E-002  0.50698924211263163     
   2.7427424989415787E-012   5.0829520729404103E-002  0.50510535962180791     
   2.9052602092059299E-012   4.9357530397040855E-002  0.50331979874601129     
   3.0774076992107334E-012   4.7889820335590742E-002  0.50162890460544673     
   3.2597555692782412E-012   4.6431860175164534E-002  0.50002874805568887     
   3.4529082299253870E-012   4.4988524088331372E-002  0.49851523311650348     
   3.6575059052437878E-012   4.3564136398073203E-002  0.49708413910122617     
   3.8742267549874103E-012   4.2162477558431929E-002  0.49573121999460656     
   4.1037891224019377E-012   4.0786804820255144E-002  0.49445221104283577     
   4.3469539152462926E-012   3.9439881228296364E-002  0.49324291135485104     
   4.6045271278986298E-012   3.8124013742571364E-002  0.49209920069840291     
   4.8773625129065108E-012   3.6841085746692127E-002  0.49101708115723974     
   5.1663644108362784E-012   3.5592591289874839E-002  0.48999269479794366     
   5.4724907478017028E-012   3.4379667829787623E-002  0.48902233049650290     
   5.7967562106072046E-012   3.3203138946511904E-002  0.48810245344024422     
   6.1402356100302592E-012   3.2063537069249574E-002  0.48722969416638262     
   6.5040674433907994E-012   3.0961144682597207E-002  0.48640086744155692     
   6.8894576682160215E-012   2.9896021667227247E-002  0.48561296524095543     
   7.2976836995090657E-012   2.8868033868695322E-002  0.48486316025209208     
   7.7300986438705634E-012   2.7876875329330308E-002  0.48414879425688018     
   8.1881357845077919E-012   2.6922100173273313E-002  0.48346738305040654     
   8.6733133319973500E-012   2.6003139229615255E-002  0.48281660771839174     
   9.1872394565480252E-012   2.5119320502327559E-002  0.48219430366137267     
   9.7316176184442745E-012   2.4269889688633309E-002  0.48159845861077932     
   1.0308252214338042E-011   2.3454023393983579E-002  0.48102720115863623     
   1.0919054558104596E-011   2.2670846562831061E-002  0.48047879917008512     
   1.1566049216086357E-011   2.1919441651650825E-002  0.47995164109505201     
   1.2251380717723319E-011   2.1198863745650186E-002  0.47944423946733167     
   1.2977320663813643E-011   2.0508146632088393E-002  0.47895521551184511     
   1.3746275255964820E-011   1.9846313763812899E-002  0.47848329497125475     
   1.4560793272193110E-011   1.9212384879204184E-002  0.47802730016954187     
   1.5423574515106970E-011   1.8605382213628736E-002  0.47758614318705128     
   1.6337478760676535E-011   1.8024334974330935E-002  0.47715881799884940     
   1.7305535237251469E-011   1.7468285133390358E-002  0.47674439585241463     
   1.8330952666245470E-011   1.6936290816736831E-002  0.47634201862082998     
   1.9417129897769049E-011   1.6427427894253117E-002  0.47595089257136020     
   2.0567667176463190E-011   1.5940794056717701E-002  0.47557028402724844     
   2.1786378074875261E-011   1.5475510004231363E-002  0.47519951424407714     
   2.3077302133932451E-011   1.5030720707122974E-002  0.47483795423331893     
   2.4444718252409764E-011   1.4605596308878650E-002  0.47448502156527972     
   2.5893158869774276E-011   1.4199332910231110E-002  0.47414017557934190     
   2.7427424989415784E-011   1.3811152587752597E-002  0.47380291439805455     
   2.9052602092059298E-011   1.3440304346641008E-002  0.47347277154727296     
   3.0774076992107335E-011   1.3086062366496971E-002  0.47314931265564791     
   3.2597555692782420E-011   1.2747726832886545E-002  0.47283213336016416     
   3.4529082299253870E-011   1.2424623162865391E-002  0.47252085632194940     
   3.6575059052437883E-011   1.2116100933971178E-002  0.47221512976001467     
   3.8742267549874099E-011   1.1821533488865681E-002  0.47191462479332924     
   4.1037891224019372E-011   1.1540316980728500E-002  0.47161903460305005     
   4.3469539152462924E-011   1.1271869557489902E-002  0.47132807238165686     
   4.6045271278986303E-011   1.1015630232960948E-002  0.47104147068194097     
   4.8773625129065116E-011   1.0771058469174109E-002  0.47075898011059991     
   5.1663644108362789E-011   1.0537632853601066E-002  0.47048036875710586     
   5.4724907478017021E-011   1.0314850841079184E-002  0.47020542152288924     
   5.7967562106072048E-011   1.0102227304064933E-002  0.46993393992581833     
   6.1402356100302595E-011   9.8992944561568479E-003  0.46966574161199293     
   6.5040674433907998E-011   9.7056014852306485E-003  0.46940066046298717     
   6.8894576682160224E-011   9.5207134987360144E-003  0.46913854658078991     
   7.2976836995090650E-011   9.3442119618306757E-003  0.46887926652552386     
   7.7300986438705624E-011   9.1756943995261984E-003  0.46862270350004681     
   8.1881357845077913E-011   9.0147747272972846E-003  0.46836875767046066     
   8.6733133319973494E-011   8.8610833764702929E-003  0.46811734648941267     
   9.1872394565480235E-011   8.7142684041161041E-003  0.46786840509487421     
   9.7316176184442738E-011   8.5739959860810667E-003  0.46762188644993191     
   1.0308252214338043E-010   8.4399519969428159E-003  0.46737776151731425     
   1.0919054558104594E-010   8.3118431435483895E-003  0.46713601912842911     
   1.1566049216086358E-010   8.1893988586657484E-003  0.46689666568951338     
   1.2251380717723320E-010   8.0723728975527678E-003  0.46665972444694098     
   1.2977320663813646E-010   7.9605455713374091E-003  0.46642523440630157     
   1.3746275255964819E-010   7.8537253692450397E-003  0.46619324884933194     
   1.4560793272193108E-010   7.7517509608011365E-003  0.46596383336538477     
   1.5423574515106970E-010   7.6544927495588852E-003  0.46573706346553040     
   1.6337478760676534E-010   7.5618541812134841E-003  0.46551302177617132     
   1.7305535237251471E-010   7.4737723659422583E-003  0.46529179504784074     
   1.8330952666245474E-010   7.3902185418723591E-003  0.46507347088187129     
   1.9417129897769049E-010   7.3111976320066356E-003  0.46485813446539404     
   2.0567667176463193E-010   7.2367474452194125E-003  0.46464586544009984     
   2.1786378074875259E-010   7.1669371232091017E-003  0.46443673503733135     
   2.3077302133932448E-010   7.1018653961874654E-003  0.46423080356632923     
   2.4444718252409766E-010   7.0416582376768332E-003  0.46402811844047426     
   2.5893158869774284E-010   6.9864665078341040E-003  0.46382871273751536     
   2.7427424989415788E-010   6.9364633955575671E-003  0.46363260434076137     
   2.9052602092059301E-010   6.8918420747339912E-003  0.46343979562373200     
   3.0774076992107330E-010   6.8528133869785622E-003  0.46325027366006633     
   3.2597555692782413E-010   6.8196039699978403E-003  0.46306401085902754     
   3.4529082299253875E-010   6.7924547085866580E-003  0.46288096591843703     
   3.6575059052437884E-010   6.7716195563355622E-003  0.46270108504097396     
   3.8742267549874102E-010   6.7573648701963708E-003  0.46252430327761435     
   4.1037891224019373E-010   6.7499690817215876E-003  0.46235054590966179     
   4.3469539152462921E-010   6.7497228494291491E-003  0.46217972982578137     
   4.6045271278986304E-010   6.7569295060106744E-003  0.46201176479576017     
   4.8773625129065111E-010   6.7719058796481459E-003  0.46184655460267121     
   5.1663644108362775E-010   6.7949834011495226E-003  0.46168399800664572     
   5.4724907478017020E-010   6.8265093669980159E-003  0.46152398952375578     
   5.7967562106072052E-010   6.8668484866304877E-003  0.46136641998903705     
   6.1402356100302593E-010   6.9163845121235582E-003  0.46121117692194247     
   6.5040674433908001E-010   6.9755220505963080E-003  0.46105814468162559     
   6.8894576682160219E-010   7.0446884572334919E-003  0.46090720442755173     
   7.2976836995090655E-010   7.1243357849816976E-003  0.46075823389207465     
   7.7300986438705619E-010   7.2149428527692443E-003  0.46061110696852847     
   8.1881357845077923E-010   7.3170173380548778E-003  0.46046569312024815     
   8.6733133319973486E-010   7.4310979487945987E-003  0.46032185662955233     
   9.1872394565480238E-010   7.5577566475725387E-003  0.46017945566793356     
   9.7316176184442723E-010   7.6976009243388483E-003  0.46003834121035408     
   1.0308252214338041E-009   7.8512761673895509E-003  0.45989835576897775     
   1.0919054558104593E-009   8.0194680252671565E-003  0.45975933196242219     
   1.1566049216086354E-009   8.2029049435185797E-003  0.45962109088991460     
   1.2251380717723319E-009   8.4023606721801061E-003  0.45948344031619998     
   1.2977320663813643E-009   8.6186569369765004E-003  0.45934617263609678     
   1.3746275255964821E-009   8.8526661553645237E-003  0.45920906261084998     
   1.4560793272193109E-009   9.1053142463423491E-003  0.45907186484510792     
   1.5423574515106970E-009   9.3775835521163146E-003  0.45893431098148096     
   1.6337478760676534E-009   9.6705158400879829E-003  0.45879610658009007     
   1.7305535237251468E-009   9.9852153913623769E-003  0.45865692764881438     
   1.8330952666245471E-009   1.0322852218947411E-002  0.45851641678244826     
   1.9417129897769046E-009   1.0684665336543324E-002  0.45837417886925430     
   2.0567667176463192E-009   1.1071966121506160E-002  0.45822977631337625     
   2.1786378074875260E-009   1.1486141761370730E-002  0.45808272371699044     
   2.3077302133932452E-009   1.1928658729913399E-002  0.45793248196456371     
   2.4444718252409764E-009   1.2401066329662910E-002  0.45777845163817255     
   2.5893158869774279E-009   1.2905000206236941E-002  0.45761996569381203     
   2.7427424989415785E-009   1.3442185879211449E-002  0.45745628131381622     
   2.9052602092059296E-009   1.4014442162064069E-002  0.45728657085156160     
   3.0774076992107333E-009   1.4623684501318223E-002  0.45710991176833660     
   3.2597555692782413E-009   1.5271928118290104E-002  0.45692527546134687     
   3.4529082299253875E-009   1.5961290896448797E-002  0.45673151487176744     
   3.6575059052437879E-009   1.6693995918840368E-002  0.45652735075007939     
   3.8742267549874094E-009   1.7472373546826611E-002  0.45631135645713145     
   4.1037891224019366E-009   1.8298862908222878E-002  0.45608194116422335     
   4.3469539152462921E-009   1.9176012630611163E-002  0.45583733131646892     
   4.6045271278986302E-009   2.0106480646486000E-002  0.45557555021810414     
   4.8773625129065117E-009   2.1093032833074812E-002  0.45529439559827500     
   5.1663644108362779E-009   2.2138540239895629E-002  0.45499141502038576     
   5.4724907478017016E-009   2.3245974608463924E-002  0.45466387900432087     
   5.7967562106072048E-009   2.4418401812045337E-002  0.45430875174941637     
   6.1402356100302587E-009   2.5658972830587490E-002  0.45392265936672987     
   6.5040674433907995E-009   2.6970911777406154E-002  0.45350185556489764     
   6.8894576682160217E-009   2.8357500455515283E-002  0.45304218478290575     
   7.2976836995090645E-009   2.9822058821519930E-002  0.45253904282778112     
   7.7300986438705631E-009   3.1367920678920441E-002  0.45198733516190870     
   8.1881357845077927E-009   3.2998403832791186E-002  0.45138143309672113     
   8.6733133319973494E-009   3.4716773851743800E-002  0.45071512829290861     
   9.1872394565480238E-009   3.6526200513461761E-002  0.44998158614557654     
   9.7316176184442727E-009   3.8429705937094660E-002  0.44917329885476637     
   1.0308252214338041E-008   4.0430103348951071E-002  0.44828203925210819     
   1.0919054558104593E-008   4.2529925400156376E-002  0.44729881677951194     
   1.1566049216086357E-008   4.4731340966547781E-002  0.44621383739890536     
   1.2251380717723320E-008   4.7036059414229392E-002  0.44501646966147529     
   1.2977320663813645E-008   4.9445221455222559E-002  0.44369521967296194     
   1.3746275255964821E-008   5.1959275935961162E-002  0.44223771826370489     
   1.4560793272193109E-008   5.4577842252139450E-002  0.44063072428693778     
   1.5423574515106970E-008   5.7299558574842438E-002  0.43886014861651124     
   1.6337478760676535E-008   6.0121916749851387E-002  0.43691110405383943     
   1.7305535237251470E-008   6.3041085609108385E-002  0.43476798694550323     
   1.8330952666245453E-008   6.6051725551454846E-002  0.43241459678254079     
   1.9417129897769045E-008   6.9146798597387191E-002  0.42983430032335757     
   2.0567667176463190E-008   7.2317379738379359E-002  0.42701024673610755     
   2.1786378074875283E-008   7.5552477199068338E-002  0.42392563977390169     
   2.3077302133932452E-008   7.8838871197674645E-002  0.42056407192491513     
   2.4444718252409741E-008   8.2160982784078129E-002  0.41690992367310614     
   2.5893158869774279E-008   8.5500786182122215E-002  0.41294882832610341     
   2.7427424989415785E-008   8.8837779568361239E-002  0.40866819920459246     
   2.9052602092059327E-008   9.2149030040624511E-002  0.40405781131854940     
   3.0774076992107337E-008   9.5409308388515773E-002  0.39911042403499841     
   3.2597555692782383E-008   9.8591327771475515E-002  0.39382242490220176     
   3.4529082299253872E-008  0.10166609725043933       0.38819446811348363     
   3.6575059052437881E-008  0.10460339606568726       0.38223207467248627     
   3.8742267549874142E-008  0.10737236753711525       0.37594615593421565     
   4.1037891224019371E-008  0.10994222270309963       0.36935341874701449     
   4.3469539152462887E-008  0.11228303378452655       0.36247660986919783     
   4.6045271278986299E-008  0.11436658713927944       0.35534456050743163     
   4.8773625129065110E-008  0.11616725568406509       0.34799199928536179     
   5.1663644108362835E-008  0.11766284317422758       0.34045911378263582     
   5.4724907478017017E-008  0.11883534859733885       0.33279085646952994     
   5.7967562106071983E-008  0.11967159939213261       0.32503600921467879     
   6.1402356100302588E-008  0.12016370788251969       0.31724603978392424     
   6.5040674433908008E-008  0.12030931617922094       0.30947380169903937     
   6.8894576682160293E-008  0.12011160998759621       0.30177214323433710     
   7.2976836995090660E-008  0.11957909968105680       0.29419250026206090     
   7.7300986438705548E-008  0.11872518552980328       0.28678354983952353     
   8.1881357845077931E-008  0.11756754080519151       0.27958999651422473     
   8.6733133319973478E-008  0.11612735952780984       0.27265155195766144     
   9.1872394565480351E-008  0.11442852338825293       0.26600215224596507     
   9.7316176184442734E-008  0.11249674418097705       0.25966943799670650     
   1.0308252214338029E-007  0.11035873419040047       0.25367450295337030     
   1.0919054558104595E-007  0.10804144837721032       0.24803189861415814     
   1.1566049216086356E-007  0.10557143051601486       0.24274986775481552     
   1.2251380717723333E-007  0.10297428240756154       0.23783076917812940     
   1.2977320663813642E-007  0.10027426264193005       0.23327165001773750     
   1.3746275255964808E-007   9.7494010474454468E-002  0.22906492014324786     
   1.4560793272193109E-007   9.4654382071133150E-002  0.22519908495202079     
   1.5423574515106968E-007   9.1774381060042209E-002  0.22165949718361200     
   1.6337478760676550E-007   8.8871162896137959E-002  0.21842909440342637     
   1.7305535237251470E-007   8.5960092592296852E-002  0.21548909562613611     
   1.8330952666245453E-007   8.3054837267255294E-002  0.21281963749015101     
   1.9417129897769050E-007   8.0167478024584418E-002  0.21040033695472193     
   2.0567667176463191E-007   7.7308629263694154E-002  0.20821077334038726     
   2.1786378074875282E-007   7.4487557104325391E-002  0.20623088749439758     
   2.3077302133932446E-007   7.1712291799278016E-002  0.20444129986004461     
   2.4444718252409739E-007   6.8989731595358969E-002  0.20282355227437374     
   2.5893158869774280E-007   6.6325737393753706E-002  0.20136028046957430     
   2.7427424989415783E-007   6.3725218782931525E-002  0.20003532560331597     
   2.9052602092059327E-007   6.1192212664024907E-002  0.19883379380532437     
   3.0774076992107333E-007   5.8729955895252102E-002  0.19774207282587350     
   3.2597555692782383E-007   5.6340953287671067E-002  0.19674781452831483     
   3.4529082299253871E-007   5.4027042020487012E-002  0.19583989130668833     
   3.6575059052437880E-007   5.1789453212869388E-002  0.19500833363627385     
   3.8742267549874134E-007   4.9628871067829212E-002  0.19424425497905534     
   4.1037891224019369E-007   4.7545489735900615E-002  0.19353976924270228     
   4.3469539152462881E-007   4.5539067854594210E-002  0.19288790499479747     
   4.6045271278986300E-007   4.3608980605991152E-002  0.19228251970396409     
   4.8773625129065110E-007   4.1754269088858799E-002  0.19171821644783024     
   5.1663644108362831E-007   3.9973686808119163E-002  0.19119026480664972     
   5.4724907478017013E-007   3.8265743124447395E-002  0.19069452705791076     
   5.7967562106071988E-007   3.6628743564058944E-002  0.19022739029776758     
   6.1402356100302580E-007   3.5060826949890371E-002  0.18978570473240350     
   6.5040674433908005E-007   3.3559999371068218E-002  0.18936672809456886     
   6.8894576682160288E-007   3.2124165052557961E-002  0.18896807593691553     
   7.2976836995090652E-007   3.0751154219811512E-002  0.18858767741817029     
   7.7300986438705546E-007   2.9438748073671802E-002  0.18822373612124821     
   8.1881357845077920E-007   2.8184701002600118E-002  0.18787469540886303     
   8.6733133319973491E-007   2.6986760163905169E-002  0.18753920782248690     
   9.1872394565480351E-007   2.5842682567196018E-002  0.18721610805521990     
   9.7316176184442742E-007   2.4750249793858304E-002  0.18690438906782836     
   1.0308252214338029E-006   2.3707280487174100E-002  0.18660318096569833     
   1.0919054558104592E-006   2.2711640751213659E-002  0.18631173230400042     
   1.1566049216086358E-006   2.1761252601058816E-002  0.18602939353835179     
   1.2251380717723332E-006   2.0854100613002500E-002  0.18575560238170163     
   1.2977320663813645E-006   1.9988236930141547E-002  0.18548987086746513     
   1.3746275255964808E-006   1.9161784784371697E-002  0.18523177395026905     
   1.4560793272193110E-006   1.8372940700261974E-002  0.18498093950019354     
   1.5423574515106969E-006   1.7619975547628078E-002  0.18473703956527421     
   1.6337478760676550E-006   1.6901234608456651E-002  0.18449978279025947     
   1.7305535237251469E-006   1.6215136818714809E-002  0.18426890788843936     
   1.8330952666245454E-006   1.5560173337976864E-002  0.18404417807050422     
   1.9417129897769058E-006   1.4934905588771228E-002  0.18382537633797230     
   2.0567667176463181E-006   1.4337962894874547E-002  0.18361230155324690     
   2.1786378074875278E-006   1.3768039833280706E-002  0.18340476520117857     
   2.3077302133932450E-006   1.3223893399613310E-002  0.18320258876104106     
   2.4444718252409739E-006   1.2704340071603561E-002  0.18300560161171403     
   2.5893158869774292E-006   1.2208252840732714E-002  0.18281363939789000     
   2.7427424989415773E-006   1.1734558268513228E-002  0.18262654278970769     
   2.9052602092059327E-006   1.1282233611617225E-002  0.18244415657432492     
   3.0774076992107334E-006   1.0850304049083041E-002  0.18226632902318127     
   3.2597555692782382E-006   1.0437840035479276E-002  0.18209291148457335     
   3.4529082299253887E-006   1.0043954795850407E-002  0.18192375815685030     
   3.6575059052437865E-006   9.6678019715960156E-003  0.18175872600291362     
   3.8742267549874138E-006   9.3085734210576459E-003  0.18159767477173930     
   4.1037891224019372E-006   8.9654971741530125E-003  0.18144046709770134     
   4.3469539152462874E-006   8.6378355370438625E-003  0.18128696865267702     
   4.6045271278986329E-006   8.3248833402134962E-003  0.18113704833025870     
   4.8773625129065095E-006   8.0259663215184029E-003  0.18099057844507138     
   5.1663644108362837E-006   7.7404396344848804E-003  0.18084743493361286     
   5.4724907478017016E-006   7.4676864714817376E-003  0.18070749754609061     
   5.7967562106071984E-006   7.2071167910359628E-003  0.18057065002151287     
   6.1402356100302623E-006   6.9581661387262553E-003  0.18043678024049090     
   6.5040674433907963E-006   6.7202945514287021E-003  0.18030578035241385     
   6.8894576682160290E-006   6.4929855352517836E-003  0.18017754687544099     
   7.2976836995090650E-006   6.2757451083089609E-003  0.18005198076885126     
   7.7300986438705552E-006   6.0681009002613844E-003  0.17992898747874297     
   8.1881357845077969E-006   5.8696013014573360E-003  0.17980847695880733     
   8.6733133319973447E-006   5.6798146554565363E-003  0.17969036366866015     
   9.1872394565480336E-006   5.4983284894497553E-003  0.17957456655246359     
   9.7316176184442725E-006   5.3247487780744779E-003  0.17946100900111139     
   1.0308252214338031E-005   5.1586992367229512E-003  0.17934961880130654     
   1.0919054558104601E-005   4.9998206411497430E-003  0.17924032807483617     
   1.1566049216086351E-005   4.8477701708253239E-003  0.17913307321157573     
   1.2251380717723333E-005   4.7022207737878784E-003  0.17902779479950820     
   1.2977320663813644E-005   4.5628605513988504E-003  0.17892443755506193     
   1.3746275255964806E-005   4.4293921615672803E-003  0.17882295025693121     
   1.4560793272193116E-005   4.3015322393765449E-003  0.17872328568667600     
   1.5423574515106961E-005   4.1790108342537125E-003  0.17862540057901435     
   1.6337478760676553E-005   4.0615708630611282E-003  0.17852925558497698     
   1.7305535237251470E-005   3.9489675785682448E-003  0.17843481525098595     
   1.8330952666245457E-005   3.8409680530179756E-003  0.17834204801684472     
   1.9417129897769059E-005   3.7373506765204256E-003  0.17825092623596372     
   2.0567667176463180E-005   3.6379046701687716E-003  0.17816142622078524     
   2.1786378074875278E-005   3.5424296138172823E-003  0.17807352831695727     
   2.3077302133932445E-005   3.4507349885543790E-003  0.17798721700964901     
   2.4444718252409746E-005   3.3626397339389111E-003  0.17790248106570253     
   2.5893158869774294E-005   3.2779718200720469E-003  0.17781931371558032     
   2.7427424989415770E-005   3.1965678346499945E-003  0.17773771287927484     
   2.9052602092059321E-005   3.1182725850710537E-003  0.17765768144088437     
   3.0774076992107331E-005   3.0429387156894476E-003  0.17757922757685954     
   3.2597555692782391E-005   2.9704263402624618E-003  0.17750236514347117     
   3.4529082299253886E-005   2.9006026895989113E-003  0.17742711412967110     
   3.6575059052437861E-005   2.8333417743544019E-003  0.17735350118247872     
   3.8742267549874124E-005   2.7685240629201648E-003  0.17728156021240354     
   4.1037891224019368E-005   2.7060361742067972E-003  0.17721133308789191     
   4.3469539152462896E-005   2.6457705851878686E-003  0.17714287042856355     
   4.6045271278986332E-005   2.5876253529539405E-003  0.17707623250856036     
   4.8773625129065085E-005   2.5315038510214192E-003  0.17701149028249941     
   5.1663644108362827E-005   2.4773145196212987E-003  0.17694872654844659     
   5.4724907478017014E-005   2.4249706296673003E-003  0.17688803726422922     
   5.7967562106071998E-005   2.3743900601062903E-003  0.17682953303518262     
   6.1402356100302612E-005   2.3254950883574528E-003  0.17677334079444543     
   6.5040674433907973E-005   2.2782121935593512E-003  0.17671960569914161     
   6.8894576682160271E-005   2.2324718723599644E-003  0.17666849326929834     
   7.2976836995090655E-005   2.1882084670289963E-003  0.17662019179967553     
   7.7300986438705562E-005   2.1453600056933237E-003  0.17657491507902656     
   8.1881357845077949E-005   2.1038680545511449E-003  0.17653290545573375     
   8.6733133319973453E-005   2.0636775819632622E-003  0.17649443729417183     
   9.1872394565480309E-005   2.0247368344002092E-003  0.17645982087230425     
   9.7316176184442742E-005   1.9869972242378933E-003  0.17642940677823760     
   1.0308252214338033E-004   1.9504132295576299E-003  0.17640359087108529     
   1.0919054558104599E-004   1.9149423061007615E-003  0.17638281988157276     
   1.1566049216086351E-004   1.8805448116830138E-003  0.17636759773823951     
   1.2251380717723327E-004   1.8471839434657552E-003  0.17635849271795501     
   1.2977320663813644E-004   1.8148256886093925E-003  0.17635614553445900     
   1.3746275255964810E-004   1.7834387889856312E-003  0.17636127849593217     
   1.4560793272193115E-004   1.7529947207946574E-003  0.17637470588320148     
   1.5423574515106963E-004   1.7234676901400423E-003  0.17639734572431995     
   1.6337478760676546E-004   1.6948346458507076E-003  0.17643023317030532     
   1.7305535237251466E-004   1.6670753111270890E-003  0.17647453571092070     
   100000000000000000000.0   0.000000000000000000000  0.00000000000000000 
