   6.9043969021004360E+024   6976000.0000000000       0.30470584772860809       
   1.0308252214338041E-013   7.1677864112041634E-002  0.68615383744690850     
   1.0919054558104616E-013   7.2269876796296872E-002  0.68303349493729604     
   1.1566049216086335E-013   7.2806016386948627E-002  0.67993395028909442     
   1.2251380717723322E-013   7.3288632988968649E-002  0.67685985387064362     
   1.2977320663813645E-013   7.3737178688365282E-002  0.67381547815993115     
   1.3746275255964820E-013   7.4154533722814109E-002  0.67080170648995796     
   1.4560793272193139E-013   7.4552727088401272E-002  0.66781868893705543     
   1.5423574515106935E-013   7.4939352315495492E-002  0.66486454550241358     
   1.6337478760676535E-013   7.5323813165427092E-002  0.66193613995071698     
   1.7305535237251469E-013   7.5715742661203775E-002  0.65902918101550012     
   1.8330952666245472E-013   7.6119972573826064E-002  0.65613768547935758     
   1.9417129897769086E-013   7.6544309373879710E-002  0.65325505284350682     
   2.0567667176463148E-013   7.6993460846607908E-002  0.65037382979377401     
   2.1786378074875261E-013   7.7471115249847622E-002  0.64748592212766098     
   2.3077302133932448E-013   7.7980443582087999E-002  0.64458273959969270     
   2.4444718252409763E-013   7.8521712129546783E-002  0.64165569288027680     
   2.5893158869774334E-013   7.9095305119631518E-002  0.63869607300625941     
   2.7427424989415731E-013   7.9699933103551487E-002  0.63569544690770319     
   2.9052602092059301E-013   8.0332205393842268E-002  0.63264592814531428     
   3.0774076992107333E-013   8.0988020301524466E-002  0.62954017517473770     
   3.2597555692782418E-013   8.1662217772830462E-002  0.62637169819134608     
   3.4529082299253944E-013   8.2348017078494665E-002  0.62313504395300856     
   3.6575059052437807E-013   8.3038158632743497E-002  0.61982594284659598     
   3.8742267549874100E-013   8.3724070691721428E-002  0.61644144569180492     
   4.1037891224019369E-013   8.4397075741501862E-002  0.61297996631769480     
   4.3469539152462927E-013   8.5047753774991949E-002  0.60944144536141209     
   4.6045271278986397E-013   8.5666462523219272E-002  0.60582733701953384     
   4.8773625129065011E-013   8.6243831835209908E-002  0.60214053770150888     
   5.1663644108362790E-013   8.6770291987317436E-002  0.59838551215458924     
   5.4724907478017018E-013   8.7237051473273181E-002  0.59456797614747570     
   5.7967562106072046E-013   8.7635709665692285E-002  0.59069493023150754     
   6.1402356100302703E-013   8.7958727463893355E-002  0.58677441177767686     
   6.5040674433907870E-013   8.8199493317783206E-002  0.58281531083756044     
   6.8894576682160217E-013   8.8352342949657131E-002  0.57882719869916166     
   7.2976836995090651E-013   8.8412681540942076E-002  0.57482009782930799     
   7.7300986438705624E-013   8.8377043620988624E-002  0.57080422963771693     
   8.1881357845078089E-013   8.8243048295937002E-002  0.56678987104044209     
   8.6733133319973302E-013   8.8009321814312078E-002  0.56278715701899862     
   9.1872394565480248E-013   8.7675487967840193E-002  0.55880591826751924     
   9.7316176184442713E-013   8.7242094641694842E-002  0.55485556840845274     
   1.0308252214338041E-012   8.6710453976948279E-002  0.55094501634575321     
   1.0919054558104615E-012   8.6082614850824163E-002  0.54708259094139811     
   1.1566049216086334E-012   8.5361230818726125E-002  0.54327600422538713     
   1.2251380717723318E-012   8.4549497101600063E-002  0.53953234067505385     
   1.2977320663813644E-012   8.3651055951479966E-002  0.53585804639883183     
   1.3746275255964824E-012   8.2669932401253102E-002  0.53225893745597685     
   1.4560793272193139E-012   8.1610491095709212E-002  0.52874021255244052     
   1.5423574515106938E-012   8.0477381211397650E-002  0.52530647398285868     
   1.6337478760676533E-012   7.9275499392234217E-002  0.52196173500692289     
   1.7305535237251468E-012   7.8009956880141784E-002  0.51870944166037569     
   1.8330952666245471E-012   7.6686049629322364E-002  0.51555248060515713     
   1.9417129897769046E-012   7.5309238779432700E-002  0.51249318188573578     
   2.0567667176463192E-012   7.3885103683252323E-002  0.50953333970691328     
   2.1786378074875259E-012   7.2419323312579525E-002  0.50667421133079926     
   2.3077302133932448E-012   7.0917635545948363E-002  0.50391653120531754     
   2.4444718252409768E-012   6.9385799675057050E-002  0.50126052388326137     
   2.5893158869774276E-012   6.7829555552807577E-002  0.49870592170048694     
   2.7427424989415787E-012   6.6254580402170998E-002  0.49625198517776153     
   2.9052602092059299E-012   6.4666445480627124E-002  0.49389753131747427     
   3.0774076992107334E-012   6.3070576356461863E-002  0.49164096198221324     
   3.2597555692782412E-012   6.1472208764408780E-002  0.48948030327209063     
   3.4529082299253870E-012   5.9876354480301042E-002  0.48741324012179504     
   3.6575059052437878E-012   5.8287766394346539E-002  0.48543715895398420     
   3.8742267549874103E-012   5.6710910460736015E-002  0.48354918967355925     
   4.1037891224019377E-012   5.5149943117765339E-002  0.48174624967522239     
   4.3469539152462926E-012   5.3608694113746691E-002  0.48002508460637899     
   4.6045271278986298E-012   5.2090653789842102E-002  0.47838230982753238     
   4.8773625129065108E-012   5.0598967802698021E-002  0.47681445037684811     
   5.1663644108362784E-012   4.9136436090042833E-002  0.47531797527370345     
   5.4724907478017028E-012   4.7705516348171384E-002  0.47388933173736814     
   5.7967562106072046E-012   4.6308332206852786E-002  0.47252497465989884     
   6.1402356100302592E-012   4.4946684071798144E-002  0.47122139259486101     
   6.5040674433907994E-012   4.3622064185124911E-002  0.46997512946849601     
   6.8894576682160215E-012   4.2335672393010101E-002  0.46878280375188008     
   7.2976836995090657E-012   4.1088434865721390E-002  0.46764112418068055     
   7.7300986438705634E-012   3.9881022462802507E-002  0.46654690103204050     
   8.1881357845077919E-012   3.8713870289088716E-002  0.46549705650593004     
   8.6733133319973500E-012   3.7587197285385940E-002  0.46448863082311626     
   9.1872394565480252E-012   3.6501024817898416E-002  0.46351878710819844     
   9.7316176184442745E-012   3.5455195096857801E-002  0.46258481470234269     
   1.0308252214338042E-011   3.4449388223091543E-002  0.46168413037114581     
   1.0919054558104596E-011   3.3483138757925350E-002  0.46081427882706483     
   1.1566049216086357E-011   3.2555850801263511E-002  0.45997293305304210     
   1.2251380717723319E-011   3.1666811896833048E-002  0.45915789324446760     
   1.2977320663813643E-011   3.0815206552768627E-002  0.45836708612813032     
   1.3746275255964820E-011   3.0000128611445562E-002  0.45759856431549706     
   1.4560793272193110E-011   2.9220593182850894E-002  0.45685050521490400     
   1.5423574515106970E-011   2.8475548057967003E-002  0.45612121040803788     
   1.6337478760676535E-011   2.7763884871617257E-002  0.45540910477770558     
   1.7305535237251469E-011   2.7084450544780970E-002  0.45471273559582959     
   1.8330952666245470E-011   2.6436058254738382E-002  0.45403077122475627     
   1.9417129897769049E-011   2.5817498822063526E-002  0.45336199948809008     
   2.0567667176463190E-011   2.5227552197023256E-002  0.45270532502515981     
   2.1786378074875261E-011   2.4664998518480946E-002  0.45205976596464942     
   2.3077302133932451E-011   2.4128629246926662E-002  0.45142444937970633     
   2.4444718252409764E-011   2.3617257478459795E-002  0.45079860561915713     
   2.5893158869774276E-011   2.3129727411930447E-002  0.45018156149816091     
   2.7427424989415784E-011   2.2664922692554518E-002  0.44957273244208823     
   2.9052602092059298E-011   2.2221773251739834E-002  0.44897161394738949     
   3.0774076992107335E-011   2.1799260235300644E-002  0.44837777251914335     
   3.2597555692782420E-011   2.1396419515364487E-002  0.44779083665876096     
   3.4529082299253870E-011   2.1012343032491890E-002  0.44721048824634468     
   3.6575059052437883E-011   2.0646178808712959E-002  0.44663645470206276     
   3.8742267549874099E-011   2.0297129577107276E-002  0.44606850234634499     
   4.1037891224019372E-011   1.9964450501301894E-002  0.44550643107705246     
   4.3469539152462924E-011   1.9647446485902803E-002  0.44495007052651436     
   4.6045271278986303E-011   1.9345469359731339E-002  0.44439927769326726     
   4.8773625129065116E-011   1.9057915589903506E-002  0.44385393574674076     
   5.1663644108362789E-011   1.8784224694937152E-002  0.44331395389044337     
   5.4724907478017021E-011   1.8523878546713467E-002  0.44277926783308608     
   5.7967562106072048E-011   1.8276401955035593E-002  0.44224984050632754     
   6.1402356100302595E-011   1.8041364069937227E-002  0.44172566272883257     
   6.5040674433907998E-011   1.7818381049264351E-002  0.44120675335526044     
   6.8894576682160224E-011   1.7607119247556084E-002  0.44069315877052856     
   7.2976836995090650E-011   1.7407299113060801E-002  0.44018495146879716     
   7.7300986438705624E-011   1.7218699170818461E-002  0.43968222765125731     
   8.1881357845077913E-011   1.7041160035489184E-002  0.43918510382859743     
   8.6733133319973494E-011   1.6874588058666578E-002  0.43869371251658557     
   9.1872394565480235E-011   1.6718958370442166E-002  0.43820819716414350     
   9.7316176184442738E-011   1.6574317267546716E-002  0.43772870649781392     
   1.0308252214338043E-010   1.6440783690027511E-002  0.43725538849816886     
   1.0919054558104594E-010   1.6318549812146893E-002  0.43678838424586264     
   1.1566049216086358E-010   1.6207880840038557E-002  0.43632782181804181     
   1.2251380717723320E-010   1.6109113898787573E-002  0.43587381047763485     
   1.2977320663813646E-010   1.6022656339096865E-002  0.43542643524040892     
   1.3746275255964819E-010   1.5948983414687274E-002  0.43498575200210660     
   1.4560793272193108E-010   1.5888635623069042E-002  0.43455178324772298     
   1.5423574515106970E-010   1.5842215800352916E-002  0.43412451439067357     
   1.6337478760676534E-010   1.5810386193664906E-002  0.43370389073173726     
   1.7305535237251471E-010   1.5793865548253565E-002  0.43328981499072333     
   1.8330952666245474E-010   1.5793426507688064E-002  0.43288214532575808     
   1.9417129897769049E-010   1.5809893255454021E-002  0.43248069376710158     
   2.0567667176463193E-010   1.5844139636947863E-002  0.43208522493269869     
   2.1786378074875259E-010   1.5897087707299643E-002  0.43169545492011885     
   2.3077302133932448E-010   1.5969706840244170E-002  0.43131105023249411     
   2.4444718252409766E-010   1.6063013321150482E-002  0.43093162662559026     
   2.5893158869774284E-010   1.6178070498037000E-002  0.43055674773269015     
   2.7427424989415788E-010   1.6315989420994912E-002  0.43018592335716682     
   2.9052602092059301E-010   1.6477929942793335E-002  0.42981860730590016     
   3.0774076992107330E-010   1.6665102250550328E-002  0.42945419464958523     
   3.2597555692782413E-010   1.6878768721013408E-002  0.42909201830625276     
   3.4529082299253875E-010   1.7120246075089864E-002  0.42873134484285202     
   3.6575059052437884E-010   1.7390907703014238E-002  0.42837136939757797     
   3.8742267549874102E-010   1.7692186104435535E-002  0.42801120962751232     
   4.1037891224019373E-010   1.8025575321053419E-002  0.42764989858963404     
   4.3469539152462921E-010   1.8392633249773842E-002  0.42728637646942264     
   4.6045271278986304E-010   1.8794983726983239E-002  0.42691948106098787     
   4.8773625129065111E-010   1.9234318237383030E-002  0.42654793691814519     
   5.1663644108362775E-010   1.9712397105097867E-002  0.42617034308249591     
   5.4724907478017020E-010   2.0231049989003411E-002  0.42578515930974314     
   5.7967562106072052E-010   2.0792175500704328E-002  0.42539069070475322     
   6.1402356100302593E-010   2.1397739728350545E-002  0.42498507069279379     
   6.5040674433908001E-010   2.2049773407908663E-002  0.42456624225748496     
   6.8894576682160219E-010   2.2750367479863216E-002  0.42413193739106370     
   7.2976836995090655E-010   2.3501666695865946E-002  0.42367965472419583     
   7.7300986438705619E-010   2.4305860909254337E-002  0.42320663533286573     
   8.1881357845077923E-010   2.5165173648314894E-002  0.42270983675870966     
   8.6733133319973486E-010   2.6081847480642656E-002  0.42218590533606248     
   9.1872394565480238E-010   2.7058125660621910E-002  0.42163114699009135     
   9.7316176184442723E-010   2.8096229458984046E-002  0.42104149676326569     
   1.0308252214338041E-009   2.9198330534079331E-002  0.42041248744605458     
   1.0919054558104593E-009   3.0366517646587616E-002  0.41973921783362000     
   1.1566049216086354E-009   3.1602756958141076E-002  0.41901632131295863     
   1.2251380717723319E-009   3.2908845146927594E-002  0.41823793570240769     
   1.2977320663813643E-009   3.4286354540986740E-002  0.41739767552933904     
   1.3746275255964821E-009   3.5736569505230548E-002  0.41648860823597667     
   1.4560793272193109E-009   3.7260413395201385E-002  0.41550323615601442     
   1.5423574515106970E-009   3.8858365504124817E-002  0.41443348650220130     
   1.6337478760676534E-009   4.0530367665632942E-002  0.41327071203241073     
   1.7305535237251468E-009   4.2275720471080976E-002  0.41200570551939175     
   1.8330952666245471E-009   4.4092969510868378E-002  0.41062873160033564     
   1.9417129897769046E-009   4.5979782622504614E-002  0.40912958000554528     
   2.0567667176463192E-009   4.7932819883978892E-002  0.40749764450507348     
   2.1786378074875260E-009   4.9947599005839699E-002  0.40572203211121610     
   2.3077302133932452E-009   5.2018359886556814E-002  0.40379170705536171     
   2.4444718252409764E-009   5.4137933345832182E-002  0.40169567372077547     
   2.5893158869774279E-009   5.6297620443350273E-002  0.39942320196100972     
   2.7427424989415785E-009   5.8487090210035959E-002  0.39696409694643986     
   2.9052602092059296E-009   6.0694304973020155E-002  0.39430901376970673     
   3.0774076992107333E-009   6.2905483580190075E-002  0.39144981441832688     
   3.2597555692782413E-009   6.5105113537111153E-002  0.38837996137153419     
   3.4529082299253875E-009   6.7276023083810851E-002  0.38509493805818340     
   3.6575059052437879E-009   6.9399523375121064E-002  0.38159268188276868     
   3.8742267549874094E-009   7.1455628905765747E-002  0.37787401079248067     
   4.1037891224019366E-009   7.3423361007766572E-002  0.37394301986883155     
   4.3469539152462921E-009   7.5281134596218796E-002  0.36980742076123224     
   4.6045271278986302E-009   7.7007222490266106E-002  0.36547879461679117     
   4.8773625129065117E-009   7.8580284928129296E-002  0.36097272918995005     
   5.1663644108362779E-009   7.9979944930370139E-002  0.35630881362707728     
   5.4724907478017016E-009   8.1187383707315430E-002  0.35151047037145855     
   5.7967562106072048E-009   8.2185925265461271E-002  0.34660461270832710     
   6.1402356100302587E-009   8.2961576613313603E-002  0.34162112819267820     
   6.5040674433907995E-009   8.3503490200040539E-002  0.33659220159585096     
   6.8894576682160217E-009   8.3804318782306778E-002  0.33155150469039291     
   7.2976836995090645E-009   8.3860439680445917E-002  0.32653329251480989     
   7.7300986438705631E-009   8.3672034726780475E-002  0.32157145509960205     
   8.1881357845077927E-009   8.3243023046439338E-002  0.31669857865788681     
   8.6733133319973494E-009   8.2580854827224784E-002  0.31194507016457040     
   9.1872394565480238E-009   8.1696184042429509E-002  0.30733839400730112     
   9.7316176184442727E-009   8.0602445572091411E-002  0.30290245965417878     
   1.0308252214338041E-008   7.9315366588730618E-002  0.29865718632919525     
   1.0919054558104593E-008   7.7852443233423579E-002  0.29461825617332693     
   1.1566049216086357E-008   7.6232411809923947E-002  0.29079705303365677     
   1.2251380717723320E-008   7.4474739641051182E-002  0.28720077140450184     
   1.2977320663813645E-008   7.2599155251957967E-002  0.28383267027841114     
   1.3746275255964821E-008   7.0625231556746160E-002  0.28069244036248181     
   1.4560793272193109E-008   6.8572029993766145E-002  0.27777665037318644     
   1.5423574515106970E-008   6.6457808603661642E-002  0.27507923859635386     
   1.6337478760676535E-008   6.4299793148117027E-002  0.27259201894221813     
   1.7305535237251470E-008   6.2114007588132632E-002  0.27030517553424122     
   1.8330952666245453E-008   5.9915158467833476E-002  0.26820772563413026     
   1.9417129897769045E-008   5.7716566801043138E-002  0.26628793669258621     
   2.0567667176463190E-008   5.5530140716280554E-002  0.26453368895641594     
   2.1786378074875283E-008   5.3366382187825488E-002  0.26293277996532244     
   2.3077302133932452E-008   5.1234421507310862E-002  0.26147317122099734     
   2.4444718252409741E-008   4.9142073628086966E-002  0.26014318024126853     
   2.5893158869774279E-008   4.7095911063755401E-002  0.25893162317323687     
   2.7427424989415785E-008   4.5101348609207059E-002  0.25782791425246265     
   2.9052602092059327E-008   4.3162735745974352E-002  0.25682212882315586     
   3.0774076992107337E-008   4.1283453184436859E-002  0.25590503654736529     
   3.2597555692782383E-008   3.9466010566848703E-002  0.25506811099102095     
   3.4529082299253872E-008   3.7712142903625741E-002  0.25430352111962956     
   3.6575059052437881E-008   3.6022903825233758E-002  0.25360410947707318     
   3.8742267549874142E-008   3.4398754200743106E-002  0.25296336103963113     
   4.1037891224019371E-008   3.2839645090287327E-002  0.25237536599027466     
   4.3469539152462887E-008   3.1345094362078024E-002  0.25183477897899575     
   4.6045271278986299E-008   2.9914256610370941E-002  0.25133677684323441     
   4.8773625129065110E-008   2.8545986261964945E-002  0.25087701626123726     
   5.1663644108362835E-008   2.7238893957235413E-002  0.25045159240009546     
   5.4724907478017017E-008   2.5991396442165696E-002  0.25005699929034803     
   5.7967562106071983E-008   2.4801760316707486E-002  0.24969009240120255     
   6.1402356100302588E-008   2.3668140057505779E-002  0.24934805369249494     
   6.5040674433908008E-008   2.2588610775640061E-002  0.24902835927291361     
   6.8894576682160293E-008   2.1561196189673656E-002  0.24872874968643985     
   7.2976836995090660E-008   2.0583892295016247E-002  0.24844720277397397     
   7.7300986438705548E-008   1.9654687197793345E-002  0.24818190900646758     
   8.1881357845077931E-008   1.8771577559034205E-002  0.24793124915384473     
   8.6733133319973478E-008   1.7932582066370002E-002  0.24769377413564753     
   9.1872394565480351E-008   1.7135752317830384E-002  0.24746818689129066     
   9.7316176184442734E-008   1.6379181468363091E-002  0.24725332610652986     
   1.0308252214338029E-007   1.5661010955299384E-002  0.24704815163637808     
   1.0919054558104595E-007   1.4979435585713579E-002  0.24685173147179987     
   1.1566049216086356E-007   1.4332707236851608E-002  0.24666323010567054     
   1.2251380717723333E-007   1.3719137391430115E-002  0.24648189816355440     
   1.2977320663813642E-007   1.3137098702050425E-002  0.24630706317445189     
   1.3746275255964808E-007   1.2585025754361009E-002  0.24613812136665833     
   1.4560793272193109E-007   1.2061415176075733E-002  0.24597453038303213     
   1.5423574515106968E-007   1.1564825218738542E-002  0.24581580281907142     
   1.6337478760676550E-007   1.1093874920899536E-002  0.24566150049504387     
   1.7305535237251470E-007   1.0647242945116141E-002  0.24551122938128431     
   1.8330952666245453E-007   1.0223666166544736E-002  0.24536463510294937     
   1.9417129897769050E-007   9.8219380779300883E-003  0.24522139895658376     
   2.0567667176463191E-007   9.4409070639115550E-003  0.24508123437780768     
   2.1786378074875282E-007   9.0794745874243823E-003  0.24494388380530033     
   2.3077302133932446E-007   8.7365933217262923E-003  0.24480911589217172     
   2.4444718252409739E-007   8.4112652540500026E-003  0.24467672302202884     
   2.5893158869774280E-007   8.1025397802271526E-003  0.24454651909269454     
   2.7427424989415783E-007   7.8095118047942034E-003  0.24441833753651296     
   2.9052602092059327E-007   7.5313198573729338E-003  0.24429202955154122     
   3.0774076992107333E-007   7.2671442338534962E-003  0.24416746252310367     
   3.2597555692782383E-007   7.0162051700068985E-003  0.24404451861937504     
   3.4529082299253871E-007   6.7777610551831586E-003  0.24392309354824046     
   3.6575059052437880E-007   6.5511066946685875E-003  0.24380309546488699     
   3.8742267549874134E-007   6.3355716307280990E-003  0.24368444402069511     
   4.1037891224019369E-007   6.1305185336205225E-003  0.24356706954369051     
   4.3469539152462881E-007   5.9353416750064459E-003  0.24345091233965105     
   4.6045271278986300E-007   5.7494654963419420E-003  0.24333592210039326     
   4.8773625129065110E-007   5.5723432839668600E-003  0.24322205740299774     
   5.1663644108362831E-007   5.4034559605867930E-003  0.24310928528081172     
   5.4724907478017013E-007   5.2423109993455378E-003  0.24299758084411208     
   5.7967562106071988E-007   5.0884414621641186E-003  0.24288692692678801     
   6.1402356100302580E-007   4.9414051588483124E-003  0.24277731373450079     
   6.5040674433908005E-007   4.8007839173380192E-003  0.24266873847076559     
   6.8894576682160288E-007   4.6661829502257111E-003  0.24256120491974750     
   7.2976836995090652E-007   4.5372302974155954E-003  0.24245472296883525     
   7.7300986438705546E-007   4.4135763209947731E-003  0.24234930805875382     
   8.1881357845077920E-007   4.2948932260238465E-003  0.24224498055610266     
   8.6733133319973491E-007   4.1808745803077483E-003  0.24214176504905305     
   9.1872394565480351E-007   4.0712348074940057E-003  0.24203968957409724     
   9.7316176184442742E-007   3.9657086307261702E-003  0.24193878478748884     
   1.0308252214338029E-006   3.8640504485495633E-003  0.24183908310013918     
   1.0919054558104592E-006   3.7660336303366373E-003  0.24174061779788958     
   1.1566049216086358E-006   3.6714497244860994E-003  0.24164342217153059     
   1.2251380717723332E-006   3.5801075791346091E-003  0.24154752868065935     
   1.2977320663813645E-006   3.4918323809291344E-003  0.24145296817433654     
   1.3746275255964808E-006   3.4064646226768976E-003  0.24135976918877222     
   1.4560793272193110E-006   3.3238590148737218E-003  0.24126795733854281     
   1.5423574515106969E-006   3.2438833590465034E-003  0.24117755481307215     
   1.6337478760676550E-006   3.1664174025346865E-003  0.24108857998579675     
   1.7305535237251469E-006   3.0913516947189048E-003  0.24100104713815501     
   1.8330952666245454E-006   3.0185864639961416E-003  0.24091496629650980     
   1.9417129897769058E-006   2.9480305331285044E-003  0.24083034317597168     
   2.0567667176463181E-006   2.8796002882327991E-003  0.24074717922203759     
   2.1786378074875278E-006   2.8132187138259056E-003  0.24066547173865319     
   2.3077302133932450E-006   2.7488145032764527E-003  0.24058521408953054     
   2.4444718252409739E-006   2.6863212509025351E-003  0.24050639595926079     
   2.5893158869774292E-006   2.6256767289954226E-003  0.24042900366005807     
   2.7427424989415773E-006   2.5668222503572188E-003  0.24035302047108745     
   2.9052602092059327E-006   2.5097021146234166E-003  0.24027842699783847     
   3.0774076992107334E-006   2.4542631347236827E-003  0.24020520154064554     
   3.2597555692782382E-006   2.4004542383574880E-003  0.24013332046265567     
   3.4529082299253887E-006   2.3482261383225345E-003  0.24006275854948131     
   3.6575059052437865E-006   2.2975310648501615E-003  0.23999348935411924     
   3.8742267549874138E-006   2.2483225528013248E-003  0.23992548552240150     
   4.1037891224019372E-006   2.2005552765569382E-003  0.23985871909567605     
   4.3469539152462874E-006   2.1541849256501381E-003  0.23979316178878904     
   4.6045271278986329E-006   2.1091681145959280E-003  0.23972878524229196     
   4.8773625129065095E-006   2.0654623208928033E-003  0.23966556124913332     
   5.1663644108362837E-006   2.0230258457985808E-003  0.23960346195640300     
   5.4724907478017016E-006   1.9818177931129445E-003  0.23954246004359622     
   5.7967562106071984E-006   1.9417980618875563E-003  0.23948252887921445     
   6.1402356100302623E-006   1.9029273495948067E-003  0.23942364265760152     
   6.5040674433907963E-006   1.8651671628985651E-003  0.23936577651843974     
   6.8894576682160290E-006   1.8284798337070839E-003  0.23930890665092452     
   7.2976836995090650E-006   1.7928285386458194E-003  0.23925301038516081     
   7.7300986438705552E-006   1.7581773205075566E-003  0.23919806627283499     
   8.1881357845077969E-006   1.7244911105383474E-003  0.23914405415929249     
   8.6733133319973447E-006   1.6917357506831955E-003  0.23909095524903576     
   9.1872394565480336E-006   1.6598780150924694E-003  0.23903875216669682     
   9.7316176184442725E-006   1.6288856303196173E-003  0.23898742901514006     
   1.0308252214338031E-005   1.5987272937278490E-003  0.23893697143258022     
   1.0919054558104601E-005   1.5693726896464867E-003  0.23888736665061425     
   1.1566049216086351E-005   1.5407925029003835E-003  0.23883860355471770     
   1.2251380717723333E-005   1.5129584292437638E-003  0.23879067274943977     
   1.2977320663813644E-005   1.4858431823856788E-003  0.23874356663014037     
   1.3746275255964806E-005   1.4594204972261725E-003  0.23869727946349459     
   1.4560793272193116E-005   1.4336651290043319E-003  0.23865180747926559     
   1.5423574515106961E-005   1.4085528481970304E-003  0.23860714897591992     
   1.6337478760676553E-005   1.3840604309653640E-003  0.23856330444289778     
   1.7305535237251470E-005   1.3601656452394560E-003  0.23852027670276066     
   1.8330952666245457E-005   1.3368472325315304E-003  0.23847807107655952     
   1.9417129897769059E-005   1.3140848857549139E-003  0.23843669557597258     
   2.0567667176463180E-005   1.2918592234300310E-003  0.23839616112622369     
   2.1786378074875278E-005   1.2701517608135642E-003  0.23835648182390995     
   2.3077302133932445E-005   1.2489448784731548E-003  0.23831767523420061     
   2.4444718252409746E-005   1.2282217890092844E-003  0.23827976273235918     
   2.5893158869774294E-005   1.2079665025585837E-003  0.23824276989472604     
   2.7427424989415770E-005   1.1881637917495389E-003  0.23820672694501180     
   2.9052602092059321E-005   1.1687991567415935E-003  0.23817166926215444     
   3.0774076992107331E-005   1.1498587909139302E-003  0.23813763795675660     
   3.2597555692782391E-005   1.1313295477405250E-003  0.23810468052393569     
   3.4529082299253886E-005   1.1131989092297704E-003  0.23807285158114649     
   3.6575059052437861E-005   1.0954549563130984E-003  0.23804221370106898     
   3.8742267549874124E-005   1.0780863414214493E-003  0.23801283835025575     
   4.1037891224019368E-005   1.0610822634367415E-003  0.23798480694630808     
   4.3469539152462896E-005   1.0444324451371800E-003  0.23795821204752188     
   4.6045271278986332E-005   1.0281271131951143E-003  0.23793315869094325     
   4.8773625129065085E-005   1.0121569807491533E-003  0.23790976589693918     
   5.1663644108362827E-005   9.9651323253652333E-004  0.23788816836058499     
   5.4724907478017014E-005   9.8118751255880888E-004  0.23786851835303308     
   5.7967562106071998E-005   9.6617191424619561E-004  0.23785098785887804     
   6.1402356100302612E-005   9.5145897307532775E-004  0.23783577097913858     
   6.5040674433907973E-005   9.3704166163521352E-004  0.23782308663317267     
   6.8894576682160271E-005   9.2291338712185706E-004  0.23781318159747727     
   7.2976836995090655E-005   9.0906799128597567E-004  0.23780633392423642     
   7.7300986438705562E-005   8.9549975287975183E-004  0.23780285678818006     
   8.1881357845077949E-005   8.8220339268435673E-004  0.23780310281707126     
   8.6733133319973453E-005   8.6917408123576704E-004  0.23780746896846652     
   9.1872394565480309E-005   8.5640744940918858E-004  0.23781640202415957     
   9.7316176184442742E-005   8.4389960206654436E-004  0.23783040478368928     
   1.0308252214338033E-004   8.3164713502628402E-004  0.23785004304965138     
   1.0919054558104599E-004   8.1964715566729335E-004  0.23787595351109170     
   1.1566049216086351E-004   8.0789730754705945E-004  0.23790885264664399     
   1.2251380717723327E-004   7.9639579948702593E-004  0.23794954678697439     
   1.2977320663813644E-004   7.8514143966244550E-004  0.23799894349752593     
   1.3746275255964810E-004   7.7413367533615493E-004  0.23805806446708991     
   1.4560793272193115E-004   7.6337263899134975E-004  0.23812806011699614     
   1.5423574515106963E-004   7.5285920176020418E-004  0.23821022618042514     
   1.6337478760676546E-004   7.4259503521343815E-004  0.23830602254223429     
   1.7305535237251466E-004   7.3258268277863459E-004  0.23841709467886266     
   100000000000000000000.0   0.000000000000000000000  0.00000000000000000 
