   1.7718348503006915E+024   4990000.0000000000       0.29501951300442786         
   0.000000000000000000000   0.000000000000000000000  0.70818182774258542
   1.0308252214338041E-013   2.1802650871967404E-002  0.70818182774258542     
   1.0919054558104616E-013   2.2936367347024575E-002  0.70806678210917573     
   1.1566049216086335E-013   2.4156113602043873E-002  0.70756345512029628     
   1.2251380717723322E-013   2.5435159125114456E-002  0.70706846319056837     
   1.2977320663813645E-013   2.6767739950333099E-002  0.70681102910776106     
   1.3746275255964820E-013   2.8063384779051771E-002  0.70634522587474280     
   1.4560793272193139E-013   2.9514386937606284E-002  0.70572491214873967     
   1.5423574515106935E-013   3.1114634800131102E-002  0.70499742943314281     
   1.6337478760676535E-013   3.2725197372240937E-002  0.70443275115006843     
   1.7305535237251469E-013   3.4396912609551765E-002  0.70367629668016940     
   1.8330952666245472E-013   3.6162663337524090E-002  0.70276755877327768     
   1.9417129897769086E-013   3.8026484081395820E-002  0.70189158849679634     
   2.0567667176463148E-013   3.9948799534592724E-002  0.70093891213508241     
   2.1786378074875261E-013   4.1942693938370669E-002  0.69986808056502769     
   2.3077302133932448E-013   4.4055764522610154E-002  0.69870356698330915     
   2.4444718252409763E-013   4.6231122784755108E-002  0.69743538854194909     
   2.5893158869774334E-013   4.8496206030053626E-002  0.69602986873484740     
   2.7427424989415731E-013   5.0845606701268212E-002  0.69450505893921510     
   2.9052602092059301E-013   5.3277504858235986E-002  0.69283144087195070     
   3.0774076992107333E-013   5.5778060799005102E-002  0.69099898475043586     
   3.2597555692782418E-013   5.8365227543258132E-002  0.68901953092283486     
   3.4529082299253944E-013   6.1012480233806128E-002  0.68685072418806326     
   3.6575059052437807E-013   6.3716592163225713E-002  0.68449692250038086     
   3.8742267549874100E-013   6.6475326319554537E-002  0.68194314498606923     
   4.1037891224019369E-013   6.9274186843452240E-002  0.67917689412530369     
   4.3469539152462927E-013   7.2096890436735409E-002  0.67618598275391495     
   4.6045271278986397E-013   7.4933517855668846E-002  0.67296478547301730     
   4.8773625129065011E-013   7.7765090094464168E-002  0.66950482469061723     
   5.1663644108362790E-013   8.0573214038517860E-002  0.66579691711134470     
   5.4724907478017018E-013   8.3337323063187321E-002  0.66184344867625633     
   5.7967562106072046E-013   8.6037154242893016E-002  0.65764183254929975     
   6.1402356100302703E-013   8.8648475498754639E-002  0.65319409541307960     
   6.5040674433907870E-013   9.1148488526237831E-002  0.64850696574424038     
   6.8894576682160217E-013   9.3514443749522849E-002  0.64359000643291331     
   7.2976836995090651E-013   9.5721946360912968E-002  0.63845860074506466     
   7.7300986438705624E-013   9.7746921048721569E-002  0.63312903017749489     
   8.1881357845078089E-013   9.9568799080675841E-002  0.62762331089295831     
   8.6733133319973302E-013  0.10116727525377474       0.62196627856821585     
   9.1872394565480248E-013  0.10252434237213076       0.61618572383215886     
   9.7316176184442713E-013  0.10362512697439696       0.61031296764843279     
   1.0308252214338041E-012  0.10445844416736429       0.60438020535556891     
   1.0919054558104615E-012  0.10501598796367070       0.59842120159035683     
   1.1566049216086334E-012  0.10529369117422778       0.59247053235252534     
   1.2251380717723318E-012  0.10529138342227067       0.58656151822975866     
   1.2977320663813644E-012  0.10501226641462491       0.58072714218119337     
   1.3746275255964824E-012  0.10446388748166986       0.57499772102455271     
   1.4560793272193139E-012  0.10365657887843227       0.56940146351871523     
   1.5423574515106938E-012  0.10260395365658373       0.56396314507061196     
   1.6337478760676533E-012  0.10132207585243844       0.55870436356559250     
   1.7305535237251468E-012   9.9829231959311676E-002  0.55364279095945279     
   1.8330952666245471E-012   9.8145108114939608E-002  0.54879235551621164     
   1.9417129897769046E-012   9.6290532394769535E-002  0.54416323438598679     
   2.0567667176463192E-012   9.4286881442848317E-002  0.53976202695143438     
   2.1786378074875259E-012   9.2155581474593545E-002  0.53559203134605216     
   2.3077302133932448E-012   8.9917922449510565E-002  0.53165346745102693     
   2.4444718252409768E-012   8.7594408856970576E-002  0.52794397223242817     
   2.5893158869774276E-012   8.5204786529985838E-002  0.52445885695519145     
   2.7427424989415787E-012   8.2767592356619374E-002  0.52119162137373287     
   2.9052602092059299E-012   8.0300133036941793E-002  0.51813423701776629     
   3.0774076992107334E-012   7.7818269885896199E-002  0.51527756850659390     
   3.2597555692782412E-012   7.5336429559301421E-002  0.51261166105895950     
   3.4529082299253870E-012   7.2867549034882004E-002  0.51012603272204105     
   3.6575059052437878E-012   7.0423060626223111E-002  0.50780994533454660     
   3.8742267549874103E-012   6.8013036965017551E-002  0.50565254463601195     
   4.1037891224019377E-012   6.5646086463068187E-002  0.50364313144310702     
   4.3469539152462926E-012   6.3329592921215719E-002  0.50177119780455948     
   4.6045271278986298E-012   6.1069712440633660E-002  0.50002658547352941     
   4.8773625129065108E-012   5.8871483090339648E-002  0.49839954848057316     
   5.1663644108362784E-012   5.6738956345182355E-002  0.49688079516749373     
   5.4724907478017028E-012   5.4675251470419357E-002  0.49546154301252260     
   5.7967562106072046E-012   5.2682693206711727E-002  0.49413351117351173     
   6.1402356100302592E-012   5.0762871550965032E-002  0.49288894368298586     
   6.5040674433907994E-012   4.8916758592948154E-002  0.49172058960437087     
   6.8894576682160215E-012   4.7144775308754938E-002  0.49062169676316147     
   7.2976836995090657E-012   4.5446859369770894E-002  0.48958599391151247     
   7.7300986438705634E-012   4.3822557186318348E-002  0.48860766163408403     
   8.1881357845077919E-012   4.2271061379409107E-002  0.48768131094205713     
   8.6733133319973500E-012   4.0791281374918768E-002  0.48680195582403157     
   9.1872394565480252E-012   3.9381885953067006E-002  0.48596498511857072     
   9.7316176184442745E-012   3.8041345538139114E-002  0.48516613440406170     
   1.0308252214338042E-011   3.6767968579142454E-002  0.48440145941985446     
   1.0919054558104596E-011   3.5559935488175452E-002  0.48366731275077685     
   1.1566049216086357E-011   3.4415321003545309E-002  0.48296031599536077     
   1.2251380717723319E-011   3.3332118577735832E-002  0.48227734125558064     
   1.2977320663813643E-011   3.2308258622543204E-002  0.48161548806455001     
   1.3746275255964820E-011   3.1341621563964396E-002  0.48097206460300340     
   1.4560793272193110E-011   3.0430050183052972E-002  0.48034457391582797     
   1.5423574515106970E-011   2.9571358076164646E-002  0.47973069589566003     
   1.6337478760676535E-011   2.8763337323238464E-002  0.47912827812158848     
   1.7305535237251469E-011   2.8003762774005032E-002  0.47853532524026215     
   1.8330952666245470E-011   2.7290396051424103E-002  0.47794998955013196     
   1.9417129897769049E-011   2.6620988525085869E-002  0.47737056629883284     
   2.0567667176463190E-011   2.5993283875870844E-002  0.47679549008585903     
   2.1786378074875261E-011   2.5405020022192117E-002  0.47622333155745689     
   2.3077302133932451E-011   2.4853932434768782E-002  0.47565279806953448     
   2.4444718252409764E-011   2.4337757237732169E-002  0.47508273377432109     
   2.5893158869774276E-011   2.3854235356515877E-002  0.47451212123345649     
   2.7427424989415784E-011   2.3401118516072749E-002  0.47394008391637316     
   2.9052602092059298E-011   2.2976176007260964E-002  0.47336588920735878     
   3.0774076992107335E-011   2.2577203436734496E-002  0.47278894971567637     
   3.2597555692782420E-011   2.2202032667707552E-002  0.47220882568017186     
   3.4529082299253870E-011   2.1848543278699159E-002  0.47162522463378703     
   3.6575059052437883E-011   2.1514674946137825E-002  0.47103800029629095     
   3.8742267549874099E-011   2.1198440857444434E-002  0.47044714903449031     
   4.1037891224019372E-011   2.0897941029289518E-002  0.46985280422952902     
   4.3469539152462924E-011   2.0611375352143524E-002  0.46925522806240566     
   4.6045271278986303E-011   2.0337055877984209E-002  0.46865480121728464     
   4.8773625129065116E-011   2.0073417138559556E-002  0.46805201032611726     
   5.1663644108362789E-011   1.9819024974828590E-002  0.46744743375691483     
   5.4724907478017021E-011   1.9572582286349886E-002  0.46684172645243616     
   5.7967562106072048E-011   1.9332932475710773E-002  0.46623560392370894     
   6.1402356100302595E-011   1.9099060025125993E-002  0.46562982692412602     
   6.5040674433907998E-011   1.8870088246836288E-002  0.46502518661887471     
   6.8894576682160224E-011   1.8645275175062183E-002  0.46442249151819881     
   7.2976836995090650E-011   1.8424007330210004E-002  0.46382255647899212     
   7.7300986438705624E-011   1.8205792814301163E-002  0.46322619365180406     
   8.1881357845077913E-011   1.7990253687522908E-002  0.46263420606811778     
   8.6733133319973494E-011   1.7777118942909450E-002  0.46204738318602007     
   9.1872394565480235E-011   1.7566218319266868E-002  0.46146649836563919     
   9.7316176184442738E-011   1.7357477513079742E-002  0.46089230750892718     
   1.0308252214338043E-010   1.7150915062306000E-002  0.46032554835648692     
   1.0919054558104594E-010   1.6946640933000332E-002  0.45976693977915317     
   1.1566049216086358E-010   1.6744856608108635E-002  0.45921718032080605     
   1.2251380717723320E-010   1.6545856225741444E-002  0.45867694561476424     
   1.2977320663813646E-010   1.6350028297499469E-002  0.45814688424487582     
   1.3746275255964819E-010   1.6157857313907429E-002  0.45762761193016260     
   1.4560793272193108E-010   1.5969924583777276E-002  0.45711970421156473     
   1.5423574515106970E-010   1.5786907647688610E-002  0.45662368791445318     
   1.6337478760676534E-010   1.5609577940282024E-002  0.45614003191765057     
   1.7305535237251471E-010   1.5438796346575025E-002  0.45566913781853186     
   1.8330952666245474E-010   1.5275506644370112E-002  0.45521133126642616     
   1.9417129897769049E-010   1.5120727044801982E-002  0.45476685447543985     
   2.0567667176463193E-010   1.4975540173838578E-002  0.45433586052387881     
   2.1786378074875259E-010   1.4841082082446442E-002  0.45391840981111148     
   2.3077302133932448E-010   1.4718530811334014E-002  0.45351446878894730     
   2.4444718252409766E-010   1.4609095239921412E-002  0.45312391108226197     
   2.5893158869774284E-010   1.4514004730104405E-002  0.45274652070112603     
   2.7427424989415788E-010   1.4434500072915604E-002  0.45238199710473670     
   2.9052602092059301E-010   1.4371826114302183E-002  0.45202996169964571     
   3.0774076992107330E-010   1.4327226321307682E-002  0.45168996526276395     
   3.2597555692782413E-010   1.4301939327256829E-002  0.45136149589424857     
   3.4529082299253875E-010   1.4297197544210256E-002  0.45104398699277676     
   3.6575059052437884E-010   1.4314227600766850E-002  0.45073682489685873     
   3.8742267549874102E-010   1.4354252562684293E-002  0.45043935586806505     
   4.1037891224019373E-010   1.4418495617455292E-002  0.45015089214238152     
   4.3469539152462921E-010   1.4508185019048861E-002  0.44987071689411412     
   4.6045271278986304E-010   1.4624560040603972E-002  0.44959808797256268     
   4.8773625129065111E-010   1.4768877697077711E-002  0.44933224034943003     
   5.1663644108362775E-010   1.4942420031555685E-002  0.44907238725611293     
   5.4724907478017020E-010   1.5146501761484955E-002  0.44881772001098580     
   5.7967562106072052E-010   1.5382478151629993E-002  0.44856740655547950     
   6.1402356100302593E-010   1.5651752963245797E-002  0.44832058872959729     
   6.5040674433908001E-010   1.5955786376634164E-002  0.44807637832650316     
   6.8894576682160219E-010   1.6296102824677677E-002  0.44783385193746089     
   7.2976836995090655E-010   1.6674298641159310E-002  0.44759204461885721     
   7.7300986438705619E-010   1.7092049495075097E-002  0.44734994237326053     
   8.1881357845077923E-010   1.7551117556858897E-002  0.44710647343623511     
   8.6733133319973486E-010   1.8053358348814080E-002  0.44686049834050495     
   9.1872394565480238E-010   1.8600727259767004E-002  0.44661079870591552     
   9.7316176184442723E-010   1.9195285649726935E-002  0.44635606469407729     
   1.0308252214338041E-009   1.9839206510371254E-002  0.44609488104070633     
   1.0919054558104593E-009   2.0534779602751616E-002  0.44582571156755335     
   1.1566049216086354E-009   2.1284415991180868E-002  0.44554688205539028     
   1.2251380717723319E-009   2.2090651863451369E-002  0.44525656134404867     
   1.2977320663813643E-009   2.2956151510703734E-002  0.44495274051460248     
   1.3746275255964821E-009   2.3883709300017618E-002  0.44463320999318967     
   1.4560793272193109E-009   2.4876250447125658E-002  0.44429553440760688     
   1.5423574515106970E-009   2.5936830350176594E-002  0.44393702502249360     
   1.6337478760676534E-009   2.7068632196808801E-002  0.44355470957618703     
   1.7305535237251468E-009   2.8274962517193712E-002  0.44314529934667218     
   1.8330952666245471E-009   2.9559244274353746E-002  0.44270515328487975     
   1.9417129897769046E-009   3.0925007029252435E-002  0.44223023907824494     
   2.0567667176463192E-009   3.2375873641177118E-002  0.44171609103502391     
   2.1786378074875260E-009   3.3915542873913851E-002  0.44115776473580881     
   2.3077302133932452E-009   3.5547767194348857E-002  0.44054978846017823     
   2.4444718252409764E-009   3.7276324938399483E-002  0.43988611149874890     
   2.5893158869774279E-009   3.9104985935357044E-002  0.43916004957116000     
   2.7427424989415785E-009   4.1037469548965692E-002  0.43836422774197892     
   2.9052602092059296E-009   4.3077394019687965E-002  0.43749052141624711     
   3.0774076992107333E-009   4.5228215861349980E-002  0.43652999625781391     
   3.2597555692782413E-009   4.7493158001267050E-002  0.43547284817988918     
   3.4529082299253875E-009   4.9875125296615433E-002  0.43430834493751092     
   3.6575059052437879E-009   5.2376606027344431E-002  0.43302477130706596     
   3.8742267549874094E-009   5.4999558017378297E-002  0.43160938037324720     
   4.1037891224019366E-009   5.7745278154775988E-002  0.43004835406560155     
   4.3469539152462921E-009   6.0614254311778165E-002  0.42832677679143838     
   4.6045271278986302E-009   6.3605999028811172E-002  0.42642862679639987     
   4.8773625129065117E-009   6.6718864899183022E-002  0.42433679071735081     
   5.1663644108362779E-009   6.9949842336946483E-002  0.42203310766336327     
   5.4724907478017016E-009   7.3294341465607774E-002  0.41949844999474112     
   5.7967562106072048E-009   7.6745961190832879E-002  0.41671284871567849     
   6.1402356100302587E-009   8.0296250191310217E-002  0.41365567193865938     
   6.5040674433907995E-009   8.3934466564045532E-002  0.41030586510320216     
   6.8894576682160217E-009   8.7647345202917989E-002  0.40664226136151438     
   7.2976836995090645E-009   9.1418884577046555E-002  0.40264396961066368     
   7.7300986438705631E-009   9.5230167322726517E-002  0.39829084583552316     
   8.1881357845077927E-009   9.9059231756523342E-002  0.39356405053273524     
   8.6733133319973494E-009  0.10288101378659247       0.38844669082977562     
   9.1872394565480238E-009  0.10666738037463655       0.38292454038931384     
   9.7316176184442727E-009  0.11038727624165690       0.37698682328751432     
   1.0308252214338041E-008  0.11400700438473366       0.37062703997346175     
   1.0919054558104593E-008  0.11749065771686866       0.36384380452717835     
   1.1566049216086357E-008  0.12080071328229135       0.35664165343209875     
   1.2251380717723320E-008  0.12389879182599939       0.34903177789608397     
   1.2977320663813645E-008  0.12674657405445638       0.34103262558528430     
   1.3746275255964821E-008  0.12930685119235244       0.33267031481108783     
   1.4560793272193109E-008  0.13154467240698761       0.32397880601654933     
   1.5423574515106970E-008  0.13342853680841060       0.31499978287286701     
   1.6337478760676535E-008  0.13493156494397049       0.30578220889447261     
   1.7305535237251470E-008  0.13603257606783242       0.29638154490808799     
   1.8330952666245453E-008  0.13671699493252021       0.28685863671592804     
   1.9417129897769045E-008  0.13697751683260243       0.27727830867542053     
   2.0567667176463190E-008  0.13681447264561658       0.26770772475206273     
   2.1786378074875283E-008  0.13623585599474763       0.25821460059799128     
   2.3077302133932452E-008  0.13525700051888728       0.24886536531771616     
   2.4444718252409741E-008  0.13389992365644698       0.23972337751560599     
   2.5893158869774279E-008  0.13219238084056917       0.23084729595904935     
   2.7427424989415785E-008  0.13016669707496964       0.22228969121366529     
   2.9052602092059327E-008  0.12785845868113940       0.21409596281694385     
   3.0774076992107337E-008  0.12530515487027558       0.20630359993314271     
   3.2597555692782383E-008  0.12254485638294751       0.19894179546910182     
   3.4529082299253872E-008  0.11961500778835492       0.19203139769153868     
   3.6575059052437881E-008  0.11655139321717792       0.18558516218151017     
   3.8742267549874142E-008  0.11338731498252530       0.17960825216975621     
   4.1037891224019371E-008  0.11015300345122145       0.17409892747312006     
   4.3469539152462887E-008  0.10687525704721659       0.16904936093279305     
   4.6045271278986299E-008  0.10357729513104687       0.16444652523350042     
   4.8773625129065110E-008  0.10027879468607889       0.16027310065128814     
   5.1663644108362835E-008   9.6996074524155804E-002  0.15650836395760809     
   5.4724907478017017E-008   9.3742387775850769E-002  0.15312902890718885     
   5.7967562106071983E-008   9.0528284110600654E-002  0.15011001831113305     
   6.1402356100302588E-008   8.7362006502525708E-002  0.14742515590701080     
   6.5040674433908008E-008   8.4249892573106028E-002  0.14504777273516575     
   6.8894576682160293E-008   8.1196756727137928E-002  0.14295122748286693     
   7.2976836995090660E-008   7.8206235774399668E-002  0.14110934345496867     
   7.7300986438705548E-008   7.5281086951323073E-002  0.13949676678353962     
   8.1881357845077931E-008   7.2423432841206961E-002  0.13808925154902993     
   8.6733133319973478E-008   6.9634952393402699E-002  0.13686387797449981     
   9.1872394565480351E-008   6.6917020932732663E-002  0.13579921002954720     
   9.7316176184442734E-008   6.4270804701246242E-002  0.13487539881772223     
   1.0308252214338029E-007   6.1697317130789887E-002  0.13407423811483113     
   1.0919054558104595E-007   5.9197444813612769E-002  0.13337917840874369     
   1.1566049216086356E-007   5.6771951164055340E-002  0.13277530575059029     
   1.2251380717723333E-007   5.4421465218514285E-002  0.13224929163057292     
   1.2977320663813642E-007   5.2146462077870499E-002  0.13178931990407530     
   1.3746275255964808E-007   4.9947240324737234E-002  0.13138499649036620     
   1.4560793272193109E-007   4.7823900492415597E-002  0.13102724713994054     
   1.5423574515106968E-007   4.5776327442617691E-002  0.13070820802878169     
   1.6337478760676550E-007   4.3804178407460252E-002  0.13042111331372871     
   1.7305535237251470E-007   4.1906877522605475E-002  0.13016018310668298     
   1.8330952666245453E-007   4.0083616945038945E-002  0.12992051463558418     
   1.9417129897769050E-007   3.8333364112028423E-002  0.12969797869089283     
   2.0567667176463191E-007   3.6654874341093345E-002  0.12948912283799577     
   2.1786378074875282E-007   3.5046707768236492E-002  0.12929108232938169     
   2.3077302133932446E-007   3.3507249542474686E-002  0.12910149918808228     
   2.4444718252409739E-007   3.2034732207402328E-002  0.12891844956116649     
   2.5893158869774280E-007   3.0627259277512541E-002  0.12874037915592973     
   2.7427424989415783E-007   2.9282829133654438E-002  0.12856604636604918     
   2.9052602092059327E-007   2.7999358499348578E-002  0.12839447255956524     
   3.0774076992107333E-007   2.6774704904467362E-002  0.12822489892349848     
   3.2597555692782383E-007   2.5606687683873881E-002  0.12805674922896712     
   3.4529082299253871E-007   2.4493107190833141E-002  0.12788959788396881     
   3.6575059052437880E-007   2.3431762023859031E-002  0.12772314266775359     
   3.8742267549874134E-007   2.2420464169259829E-002  0.12755718158212892     
   4.1037891224019369E-007   2.1457052049072705E-002  0.12739159330340072     
   4.3469539152462881E-007   2.0539401535301191E-002  0.12722632076930016     
   4.6045271278986300E-007   1.9665435045634002E-002  0.12706135748300651     
   4.8773625129065110E-007   1.8833128877202773E-002  0.12689673616148797     
   5.1663644108362831E-007   1.8040518956124994E-002  0.12673251939391567     
   5.4724907478017013E-007   1.7285705196446788E-002  0.12656879201173732     
   5.7967562106071988E-007   1.6566854659535283E-002  0.12640565490216329     
   6.1402356100302580E-007   1.5882203696987722E-002  0.12624322002532318     
   6.5040674433908005E-007   1.5230059243775289E-002  0.12608160642141059     
   6.8894576682160288E-007   1.4608799407895275E-002  0.12592093701977505     
   7.2976836995090652E-007   1.4016873479954350E-002  0.12576133608685677     
   7.7300986438705546E-007   1.3452801463466909E-002  0.12560292717453925     
   8.1881357845077920E-007   1.2915173205749947E-002  0.12544583145475804     
   8.6733133319973491E-007   1.2402647190978808E-002  0.12529016634976478     
   9.1872394565480351E-007   1.1913949044390543E-002  0.12513604438789605     
   9.7316176184442742E-007   1.1447869783291469E-002  0.12498357223622607     
   1.0308252214338029E-006   1.1003263847809083E-002  0.12483284987562411     
   1.0919054558104592E-006   1.0579046938321389E-002  0.12468396989876092     
   1.1566049216086358E-006   1.0174193686594692E-002  0.12453701692107223     
   1.2251380717723332E-006   9.7877351881400232E-003  0.12439206710195297     
   1.2977320663813645E-006   9.4187564246472465E-003  0.12424918777734285     
   1.3746275255964808E-006   9.0663936067918033E-003  0.12410843720641419     
   1.4560793272193110E-006   8.7298314686866975E-003  0.12396986443535224     
   1.5423574515106969E-006   8.4083005458471353E-003  0.12383350927795723     
   1.6337478760676550E-006   8.1010744669670169E-003  0.12369940241299619     
   1.7305535237251469E-006   7.8074672892568002E-003  0.12356756559209400     
   1.8330952666245454E-006   7.5268309036156927E-003  0.12343801195116046     
   1.9417129897769058E-006   7.2585525330169072E-003  0.12331074641492852     
   2.0567667176463181E-006   7.0020523435071246E-003  0.12318576618190182     
   2.1786378074875278E-006   6.7567811831204814E-003  0.12306306127556527     
   2.3077302133932450E-006   6.5222184596873617E-003  0.12294261514652279     
   2.4444718252409739E-006   6.2978701643951404E-003  0.12282440531073885     
   2.5893158869774292E-006   6.0832670440574338E-003  0.12270840400807168     
   2.7427424989415773E-006   5.8779629215123686E-003  0.12259457886734788     
   2.9052602092059327E-006   5.6815331605192714E-003  0.12248289356522003     
   3.0774076992107334E-006   5.4935732691692657E-003  0.12237330846657994     
   3.2597555692782382E-006   5.3136976336326872E-003  0.12226578123864688     
   3.4529082299253887E-006   5.1415383730449215E-003  0.12216026742957954     
   3.6575059052437865E-006   4.9767443051210707E-003  0.12205672100657861     
   3.8742267549874138E-006   4.8189800118670217E-003  0.12195509484993504     
   4.1037891224019372E-006   4.6679249947700454E-003  0.12185534119947596     
   4.3469539152462874E-006   4.5232729089386674E-003  0.12175741205467985     
   4.6045271278986329E-006   4.3847308665753712E-003  0.12166125952709464     
   4.8773625129065095E-006   4.2520188005972081E-003  0.12156683614753534     
   5.1663644108362837E-006   4.1248688802058651E-003  0.12147409513050191     
   5.4724907478017016E-006   4.0030249712733577E-003  0.12138299059784842     
   5.7967562106071984E-006   3.8862421349897631E-003  0.12129347776665431     
   6.1402356100302623E-006   3.7742861596212068E-003  0.12120551310329596     
   6.5040674433907963E-006   3.6669331206938371E-003  0.12111905444817746     
   6.8894576682160290E-006   3.5639689658871843E-003  0.12103406111473675     
   7.2976836995090650E-006   3.4651891217170510E-003  0.12095049396560854     
   7.7300986438705552E-006   3.3703981193483122E-003  0.12086831547002908     
   8.1881357845077969E-006   3.2794092378756550E-003  0.12078748974454991     
   8.6733133319973447E-006   3.1920441633837061E-003  0.12070798258024990     
   9.1872394565480336E-006   3.1081326625765665E-003  0.12062976145861910     
   9.7316176184442725E-006   3.0275122700931705E-003  0.12055279555804470     
   1.0308252214338031E-005   2.9500279883600427E-003  0.12047705575303494     
   1.0919054558104601E-005   2.8755319994706193E-003  0.12040251460739934     
   1.1566049216086351E-005   2.8038833881286070E-003  0.12032914636300354     
   1.2251380717723333E-005   2.7349478748087525E-003  0.12025692692541620     
   1.2977320663813644E-005   2.6685975585996639E-003  0.12018583384752059     
   1.3746275255964806E-005   2.6047106683469768E-003  0.12011584631285174     
   1.4560793272193116E-005   2.5431713217771417E-003  0.12004694511944419     
   1.5423574515106961E-005   2.4838692914599331E-003  0.11997911266604476     
   1.6337478760676553E-005   2.4266997768871727E-003  0.11991233294207693     
   1.7305535237251470E-005   2.3715631820011751E-003  0.11984659152315716     
   1.8330952666245457E-005   2.3183648976455285E-003  0.11978187557396709     
   1.9417129897769059E-005   2.2670150883309678E-003  0.11971817386039983     
   2.0567667176463180E-005   2.2174284833478882E-003  0.11965547677321807     
   2.1786378074875278E-005   2.1695241719709366E-003  0.11959377636507856     
   2.3077302133932445E-005   2.1232254029390162E-003  0.11953306640348574     
   2.4444718252409746E-005   2.0784593882506907E-003  0.11947334244150884     
   2.5893158869774294E-005   2.0351571122108020E-003  0.11941460190911368     
   2.7427424989415770E-005   1.9932531452761097E-003  0.11935684422674563     
   2.9052602092059321E-005   1.9526854639914503E-003  0.11930007094420707     
   3.0774076992107331E-005   1.9133952771221523E-003  0.11924428590692192     
   3.2597555692782391E-005   1.8753268585376885E-003  0.11918949545247293     
   3.4529082299253886E-005   1.8384273872575773E-003  0.11913570864012565     
   3.6575059052437861E-005   1.8026467950012369E-003  0.11908293751655163     
   3.8742267549874124E-005   1.7679376214910639E-003  0.11903119742120923     
   4.1037891224019368E-005   1.7342548776611919E-003  0.11898050733529258     
   4.3469539152462896E-005   1.7015559168341394E-003  0.11893089027865396     
   4.6045271278986332E-005   1.6698003138536800E-003  0.11888237375989606     
   4.8773625129065085E-005   1.6389497520363637E-003  0.11883499028510217     
   5.1663644108362827E-005   1.6089679178215870E-003  0.11878877793203226     
   5.4724907478017014E-005   1.5798204028845224E-003  0.11874378099715552     
   5.7967562106071998E-005   1.5514746134784713E-003  0.11870005072406482     
   6.1402356100302612E-005   1.5238996867465730E-003  0.11865764612300062     
   6.5040674433907973E-005   1.4970664137468699E-003  0.11861663489250733     
   6.8894576682160271E-005   1.4709471689342724E-003  0.11857709445573193     
   7.2976836995090655E-005   1.4455158458729219E-003  0.11853911312567011     
   7.7300986438705562E-005   1.4207477989714062E-003  0.11850279141537594     
   8.1881357845077949E-005   1.3966197910740405E-003  0.11846824351147477     
   8.6733133319973453E-005   1.3731099467791646E-003  0.11843559893172356     
   9.1872394565480309E-005   1.3501977114032931E-003  0.11840500439011535     
   9.7316176184442742E-005   1.3278638155574845E-003  0.11837662589629336     
   1.0308252214338033E-004   1.3060902453610199E-003  0.11835065111950881     
   1.0919054558104599E-004   1.2848602183618723E-003  0.11832729205185608     
   1.1566049216086351E-004   1.2641581653007594E-003  0.11830678800999880     
   1.2251380717723327E-004   1.2439697180328428E-003  0.11828940902034746     
   1.2977320663813644E-004   1.2242817035904687E-003  0.11827545963911498     
   1.3746275255964810E-004   1.2050821451904997E-003  0.11826528326606620     
   1.4560793272193115E-004   1.1863602702942447E-003  0.11825926701950962     
   1.5423574515106963E-004   1.1681065264400926E-003  0.11825784725035569     
   1.6337478760676546E-004   1.1503126055122364E-003  0.11826151578503503     
   1.7305535237251466E-004   1.1329714772768873E-003  0.11827082700110715     
   100000000000000000000.0   0.000000000000000000000  0.00000000000000000 
