   5.9764974749667990E+025   12216000.000000000       0.32916015960552220     
   0.000000000000000000000   0.000000000000000000000  0.91923826299125877
   6.1187982223076042E-016   3.0972822280132838E-002  0.91923826299125877     
   6.4813598105875088E-016   3.2591599134119152E-002  0.91851176629617948     
   6.8654045235791632E-016   3.4274157238017626E-002  0.91771490301213587     
   7.2722053164502448E-016   3.6019912640932718E-002  0.91684246943491032     
   7.7031105717040139E-016   3.7827789825149678E-002  0.91588921358561470     
   8.1595485685300388E-016   3.9696181969829110E-002  0.91484991122437387     
   8.6430322169804654E-016   4.1622919678551078E-002  0.91371945565972346     
   9.1551640726638495E-016   4.3605251660018891E-002  0.91249296086484699     
   9.6976416485784691E-016   4.5639841194176828E-002  0.91116587651012360     
   1.0272263041691179E-015   4.7722782391936766E-002  0.90973411240876612     
   1.0880932892912378E-015   4.9849640183480197E-002  0.90819416858963109     
   1.1525668700221539E-015   5.2015517559000787E-002  0.90654326575541910     
   1.2208607505868908E-015   5.4215152784838155E-002  0.90477946955859856     
   1.2932012979819058E-015   5.6443048050863941E-002  0.90290180078566196     
   1.3698282922914403E-015   5.8693629277414408E-002  0.90091032263485760     
   1.4509957214629533E-015   6.0961434652913593E-002  0.89880619575534004     
   1.5369726231759423E-015   6.3241327012466875E-002  0.89659169198955213     
   1.6280439765946210E-015   6.5528722564078254E-002  0.89427015876476967     
   1.7245116469603008E-015   6.7819825975194800E-002  0.89184592804714946     
   1.8266953861543215E-015   7.0111859780071409E-002  0.88932416663132474     
   1.9349338925481329E-015   7.2403274672325449E-002  0.88671066805138810     
   2.0495859336534040E-015   7.4693926869588825E-002  0.88401159046551425     
   2.1710315352933322E-015   7.6985209453978812E-002  0.88123314888488169     
   2.2996732412368333E-015   7.9280126543892923E-002  0.87838127390459320     
   2.4359374474706472E-015   8.1583302099484264E-002  0.87546125191157476     
   2.5802758155321421E-015   8.3900918991336365E-002  0.87247736356882266     
   2.7331667695872904E-015   8.6240588118960501E-002  0.86943253770019635     
   2.8951170822161049E-015   8.8611151561376861E-002  0.86632803671732816     
   3.0666635541618149E-015   9.1022427392069644E-002  0.86316318746205289     
   3.2483747936113298E-015   9.3484906634430695E-002  0.85993516817731031     
   3.4408531009048106E-015   9.6009414583889563E-002  0.85663885866521261     
   3.6447364649212496E-015   9.8606749313630171E-002  0.85326675700693078     
   3.8607006777573233E-015  0.10128730972314184       0.84980896291173968     
   4.0894615747089337E-015  0.10406072415769471       0.84625322517321488     
   4.3317774069798224E-015  0.10693548876379158       0.84258504897656561     
   4.5884513549821974E-015  0.10991862264613234       0.83878785804524658     
   4.8603341905596762E-015  0.11301534489521359       0.83484320664867018     
   5.1483270969568629E-015  0.11622877692906204       0.83073103724540254     
   5.4533846558827379E-015  0.11955967245832202       0.82642998068388562     
   5.7765180115684628E-015  0.12300617694307520       0.82191769719945906     
   6.1187982223076046E-015  0.12656361856560111       0.81717125764152820     
   6.4813598105875082E-015  0.13022433351676579       0.81216756517920807     
   6.8654045235791628E-015  0.13397752960244083       0.80688381802100440     
   7.2722053164502450E-015  0.13780919369745925       0.80129801315845539     
   7.7031105717040135E-015  0.14170205014971593       0.79538948983711477     
   8.1595485685300390E-015  0.14563557864558965       0.78913950917369613     
   8.6430322169804644E-015  0.14958610105228168       0.78253186326378255     
   9.1551640726638495E-015  0.15352694703570538       0.77555350317339256     
   9.6976416485784703E-015  0.15742870762103714       0.76819517079823685     
   1.0272263041691175E-014  0.16125958407441343       0.76045201482589808     
   1.0880932892912378E-014  0.16498583643512210       0.75232416651837730     
   1.1525668700221539E-014  0.16857233160734669       0.74381724716592368     
   1.2208607505868906E-014  0.17198318541528029       0.73494277645930339     
   1.2932012979819061E-014  0.17518248647354648       0.72571845028818416     
   1.3698282922914402E-014  0.17813508283836177       0.71616825805718665     
   1.4509957214629534E-014  0.18080740560374378       0.70632241395715079     
   1.5369726231759424E-014  0.18316829777864047       0.69621708379151237     
   1.6280439765946213E-014  0.18518981257573111       0.68589389878671048     
   1.7245116469603007E-014  0.18684794346765440       0.67539925971619952     
   1.8266953861543217E-014  0.18812324942595474       0.66478344778502718     
   1.9349338925481331E-014  0.18900134293834447       0.65409957185628420     
   2.0495859336534037E-014  0.18947321551586435       0.64340239342244854     
   2.1710315352933321E-014  0.18953538485690941       0.63274708007858138     
   2.2996732412368330E-014  0.18918985888971021       0.62218794385051512     
   2.4359374474706474E-014  0.18844392327629902       0.61177722218316910     
   2.5802758155321421E-014  0.18730976963142676       0.60156395630485682     
   2.7331667695872908E-014  0.18580399054659330       0.59159301444512624     
   2.8951170822161049E-014  0.18394697371038374       0.58190429697674539     
   3.0666635541618149E-014  0.18176223063061761       0.57253214772894101     
   3.2483747936113296E-014  0.17927569555057410       0.56350498227958601     
   3.4408531009048103E-014  0.17651502753697559       0.55484513087028631     
   3.6447364649212494E-014  0.17350894398144445       0.54656888194867304     
   3.8607006777573241E-014  0.17028660767230450       0.53868670316756340     
   4.0894615747089324E-014  0.16687708295491477       0.53120361002173544     
   4.3317774069798219E-014  0.16330887000452066       0.52411964880918049     
   4.5884513549821982E-014  0.15960952046384175       0.51743045962206713     
   4.8603341905596751E-014  0.15580533295345655       0.51112788644280560     
   5.1483270969568627E-014  0.15192112346304668       0.50520060458842497     
   5.4533846558827390E-014  0.14798006327270544       0.49963473998677932     
   5.7765180115684621E-014  0.14400357581877418       0.49441445979298770     
   6.1187982223076043E-014  0.14001128351278297       0.48952251892099929     
   6.4813598105875092E-014  0.13602099576996596       0.48494075199745901     
   6.8654045235791636E-014  0.13204873017408122       0.48065050462909947     
   7.2722053164502447E-014  0.12810875957647047       0.47663300165636102     
   7.7031105717040128E-014  0.12421367894754956       0.47286965312047180     
   8.1595485685300381E-014  0.12037448670708398       0.46934230093446161     
   8.6430322169804666E-014  0.11660067626103215       0.46603341096296991     
   9.1551640726638492E-014  0.11290033411717267       0.46292621611110307     
   9.6976416485784694E-014  0.10928024173084254       0.46000481664726356     
   1.0272263041691177E-013  0.10574597874069047       0.45725424403623677     
   1.0880932892912377E-013  0.10230202573139410       0.45466049439326367     
   1.1525668700221538E-013   9.8951865054177260E-002  0.45221053725198079     
   1.2208607505868907E-013   9.5698078513622067E-002  0.44989230480327752     
   1.2932012979819061E-013   9.2542441055511349E-002  0.44769466617378656     
   1.3698282922914400E-013   8.9486009728607638E-002  0.44560739064411697     
   1.4509957214629534E-013   8.6529207531207991E-002  0.44362110315225589     
   1.5369726231759426E-013   8.3671901729533274E-002  0.44172723476467479     
   1.6280439765946210E-013   8.0913476527864445E-002  0.43991797035093205     
   1.7245116469603008E-013   7.8252900007720394E-002  0.43818619518775903     
   1.8266953861543216E-013   7.5688785396675853E-002  0.43652544184455533     
   1.9349338925481331E-013   7.3219446783060999E-002  0.43492983833642951     
   2.0495859336534035E-013   7.0842949451879758E-002  0.43339405827602151     
   2.1710315352933325E-013   6.8557155100729475E-002  0.43191327351786640     
   2.2996732412368332E-013   6.6359762182256005E-002  0.43048310960504121     
   2.4359374474706471E-013   6.4248341732082825E-002  0.42909960419679183     
   2.5802758155321413E-013   6.2220368925570257E-002  0.42775916852138934     
   2.7331667695872905E-013   6.0273250754903175E-002  0.42645855185911230     
   2.8951170822161046E-013   5.8404350054679428E-002  0.42519480894333173     
   3.0666635541618146E-013   5.6611006340059819E-002  0.42396527021397845     
   3.2483747936113299E-013   5.4890553616069412E-002  0.42276751471919644     
   3.4408531009048106E-013   5.3240335533218573E-002  0.42159934554417289     
   3.6447364649212493E-013   5.1657718139748246E-002  0.42045876758270978     
   3.8607006777573243E-013   5.0140100501224916E-002  0.41934396749332603     
   4.0894615747089328E-013   4.8684923436778244E-002  0.41825329566188618     
   4.3317774069798227E-013   4.7289676571790611E-002  0.41718525001449658     
   4.5884513549821972E-013   4.5951903946325423E-002  0.41613846153237899     
   4.8603341905596752E-013   4.4669208329070655E-002  0.41511168131422149     
   5.1483270969568616E-013   4.3439254487668208E-002  0.41410376907132385     
   5.4533846558827387E-013   4.2259771489273526E-002  0.41311368289764167     
   5.7765180115684631E-013   4.1128554259232529E-002  0.41214047023457895     
   6.1187982223076048E-013   4.0043464424244453E-002  0.41118325985782145     
   6.4813598105875084E-013   3.9002430726431524E-002  0.41024125487806645     
   6.8654045235791638E-013   3.8003448958912299E-002  0.40931372655407450     
   7.2722053164502449E-013   3.7044581606600409E-002  0.40840000888502720     
   7.7031105717040138E-013   3.6123957260187252E-002  0.40749949387173273     
   8.1595485685300381E-013   3.5239769866751113E-002  0.40661162735912704     
   8.6430322169804656E-013   3.4390277918086840E-002  0.40573590538942012     
   9.1551640726638471E-013   3.3573803576988345E-002  0.40487187095737442     
   9.6976416485784711E-013   3.2788731837007618E-002  0.40401911113462258     
   1.0272263041691177E-012   3.2033509663048583E-002  0.40317725441178304     
   1.0880932892912377E-012   3.1306645253944373E-002  0.40234596831422642     
   1.1525668700221539E-012   3.0606707320559170E-002  0.40152495711551273     
   1.2208607505868906E-012   2.9932324429956223E-002  0.40071395964762763     
   1.2932012979819060E-012   2.9282184407422536E-002  0.39991274717002900     
   1.3698282922914403E-012   2.8655033745327040E-002  0.39912112121650767     
   1.4509957214629534E-012   2.8049677056136323E-002  0.39833891146756462     
   1.5369726231759425E-012   2.7464976483943394E-002  0.39756597354722428     
   1.6280439765946211E-012   2.6899851079831637E-002  0.39680218678233958     
   1.7245116469603007E-012   2.6353276111954548E-002  0.39604745191932306     
   1.8266953861543218E-012   2.5824282264731227E-002  0.39530168876192617     
   1.9349338925481334E-012   2.5311954740029608E-002  0.39456483382261487     
   2.0495859336533993E-012   2.4815432204288234E-002  0.39383683791528790     
   2.1710315352933370E-012   2.4333905583778695E-002  0.39311766375754215     
   2.2996732412368327E-012   2.3866616694431689E-002  0.39240728362899879     
   2.4359374474706476E-012   2.3412856694929166E-002  0.39170567699982561     
   2.5802758155321420E-012   2.2971964366468534E-002  0.39101282834438050     
   2.7331667695872850E-012   2.2543324225511703E-002  0.39032872499000176     
   2.8951170822161106E-012   2.2126364468762334E-002  0.38965335512200272     
   3.0666635541618149E-012   2.1720554775492725E-002  0.38898670594756851     
   3.2483747936113301E-012   2.1325403981182899E-002  0.38832876204632361     
   3.4408531009048108E-012   2.0940457651409967E-002  0.38767950391864575     
   3.6447364649212417E-012   2.0565295580141009E-002  0.38703890675117159     
   3.8607006777573313E-012   2.0199529242647358E-002  0.38640693942383642     
   4.0894615747089325E-012   1.9842799242196923E-002  0.38578356373446715     
   4.3317774069798224E-012   1.9494772777712686E-002  0.38516873386032696     
   4.5884513549821976E-012   1.9155141169769355E-002  0.38456239603852205     
   4.8603341905596653E-012   1.8823617470687112E-002  0.38396448845935283     
   5.1483270969568721E-012   1.8499934179347276E-002  0.38337494135819289     
   5.4533846558827383E-012   1.8183841122392186E-002  0.38279367724959251     
   5.7765180115684631E-012   1.7875103450176847E-002  0.38222061134216362     
   6.1187982223076046E-012   1.7573499826464084E-002  0.38165565204771146     
   6.4813598105874955E-012   1.7278820786327302E-002  0.38109870158825226     
   6.8654045235791771E-012   1.6990867272317481E-002  0.38054965666641727     
   7.2722053164502445E-012   1.6709449345638571E-002  0.38000840917521100     
   7.7031105717040130E-012   1.6434385067087574E-002  0.37947484692574990     
   8.1595485685300383E-012   1.6165499537931265E-002  0.37894885436978137     
   8.6430322169804471E-012   1.5902624090714069E-002  0.37843031330222515     
   9.1551640726638689E-012   1.5645595593405299E-002  0.37791910352865599     
   9.6976416485784691E-012   1.5394255921650125E-002  0.37741510349099472     
   1.0272263041691177E-011   1.5148451473340570E-002  0.37691819083507966     
   1.0880932892912378E-011   1.4908032806578583E-002  0.37642824292829941     
   1.1525668700221517E-011   1.4672854341113935E-002  0.37594513731465529     
   1.2208607505868933E-011   1.4442774118261085E-002  0.37546875211216862     
   1.2932012979819061E-011   1.4217653606604760E-002  0.37499896635396751     
   1.3698282922914402E-011   1.3997357543221033E-002  0.37453566027809837     
   1.4509957214629532E-011   1.3781753797751050E-002  0.37407871556392669     
   1.5369726231759394E-011   1.3570713255713416E-002  0.37362801553208541     
   1.6280439765946247E-011   1.3364109710503920E-002  0.37318344530303593     
   1.7245116469603010E-011   1.3161819760435931E-002  0.37274489192529325     
   1.8266953861543218E-011   1.2963722706705715E-002  0.37231224447903544     
   1.9349338925481334E-011   1.2769700450674796E-002  0.37188539416209410     
   2.0495859336533997E-011   1.2579637386066518E-002  0.37146423435923948     
   2.1710315352933371E-011   1.2393420291032787E-002  0.37104866070919407     
   2.2996732412368330E-011   1.2210938216140332E-002  0.37063857116491350     
   2.4359374474706472E-011   1.2032082373477516E-002  0.37023386606018427     
   2.5802758155321416E-011   1.1856746023238610E-002  0.36983444816452410     
   2.7331667695872848E-011   1.1684824376230765E-002  0.36944022278227878     
   2.8951170822161107E-011   1.1516214492652468E-002  0.36905109781941903     
   3.0666635541618147E-011   1.1350815202743399E-002  0.36866698388497776     
   3.2483747936113293E-011   1.1188527041931701E-002  0.36828779439465337     
   3.4408531009048108E-011   1.1029252207908657E-002  0.36791344568290851     
   3.6447364649212424E-011   1.0872894543258254E-002  0.36754385712023357     
   3.8607006777573318E-011   1.0719359546453448E-002  0.36717895123054506     
   4.0894615747089324E-011   1.0568554413831749E-002  0.36681865380570861     
   4.3317774069798224E-011   1.0420388114736844E-002  0.36646289401094562     
   4.5884513549821979E-011   1.0274771498483512E-002  0.36611160447422841     
   4.8603341905596658E-011   1.0131617432657803E-002  0.36576472135411847     
   5.1483270969568737E-011   9.9908409707251747E-003  0.36542218438149565     
   5.4533846558827384E-011   9.8523595416514474E-003  0.36508393686333740     
   5.7765180115684635E-011   9.7160931606405793E-003  0.36474992565391151     
   6.1187982223076054E-011   9.5819646497884922E-003  0.36442010107955952     
   6.4813598105874960E-011   9.4498998627054378E-003  0.36409441682006222     
   6.8654045235791768E-011   9.3198279040911537E-003  0.36377282974441583     
   7.2722053164502453E-011   9.1916813333486058E-003  0.36345529970662449     
   7.7031105717040134E-011   9.0653963598534473E-003  0.36314178928134933     
   8.1595485685300377E-011   8.9409129776232086E-003  0.36283226349878295     
   8.6430322169804474E-011   8.8181750949356767E-003  0.36252668951341305     
   9.1551640726638696E-011   8.6971306042669862E-003  0.36222503626742075     
   9.6976416485784688E-011   8.5777314089449559E-003  0.36192727413571307     
   1.0272263041691177E-010   8.4599334008053813E-003  0.36163337456528238     
   1.0880932892912378E-010   8.3436963886878539E-003  0.36134330971797524     
   1.1525668700221514E-010   8.2289839788370310E-003  0.36105705212461264     
   1.2208607505868932E-010   8.1157634110882934E-003  0.36077457436086785     
   1.2932012979819061E-010   8.0040053550015818E-003  0.36049584874934137     
   1.3698282922914400E-010   7.8936836719972273E-003  0.36022084709493252     
   1.4509957214629532E-010   7.7847751502848140E-003  0.35994954045827560     
   1.5369726231759393E-010   7.6772592197649194E-003  0.35968189896973574     
   1.6280439765946245E-010   7.5711176544569440E-003  0.35941789168595190     
   1.7245116469603008E-010   7.4663342701035531E-003  0.35915748648669726     
   1.8266953861543220E-010   7.3628946228790340E-003  0.35890065001522808     
   1.9349338925481333E-010   7.2607857167230503E-003  0.35864734765524908     
   2.0495859336533997E-010   7.1599957240018868E-003  0.35839754354304804     
   2.1710315352933369E-010   7.0605137242274974E-003  0.35815120061103251     
   2.2996732412368332E-010   6.9623294643347648E-003  0.35790828065709662     
   2.4359374474706473E-010   6.8654331431087789E-003  0.35766874443616248     
   2.5802758155321421E-010   6.7698152211004836E-003  0.35743255176838606     
   2.7331667695872850E-010   6.6754662567024966E-003  0.35719966165963957     
   2.8951170822161109E-010   6.5823767694589592E-003  0.35697003242897640     
   3.0666635541618148E-010   6.4905371268948360E-003  0.35674362184142555     
   3.2483747936113293E-010   6.3999374565307243E-003  0.35652038724007978     
   3.4408531009048104E-010   6.3105675796742110E-003  0.35630028567545330     
   3.6447364649212421E-010   6.2224169652382423E-003  0.35608327403008339     
   3.8607006777573319E-010   6.1354747012969798E-003  0.35586930913582476     
   4.0894615747089329E-010   6.0497294820205791E-003  0.35565834788248696     
   4.3317774069798225E-010   5.9651696076445477E-003  0.35545034731706260     
   4.5884513549821974E-010   5.8817829952092660E-003  0.35524526473281481     
   4.8603341905596664E-010   5.7995571979599673E-003  0.35504305774803252     
   5.1483270969568723E-010   5.7184794313099203E-003  0.35484368437443953     
   5.4533846558827378E-010   5.6385366040796383E-003  0.35464710307582836     
   5.7765180115684633E-010   5.5597153519025937E-003  0.35445327281694916     
   6.1187982223076051E-010   5.4820020752976489E-003  0.35426215310381820     
   6.4813598105874960E-010   5.4053829756171810E-003  0.35407370401583477     
   6.8654045235791786E-010   5.3298440927680478E-003  0.35388788623037148     
   7.2722053164502440E-010   5.2553713417633372E-003  0.35370466104082698     
   7.7031105717040131E-010   5.1819505479499912E-003  0.35352399036888560     
   8.1595485685300377E-010   5.1095674804725330E-003  0.35334583677172143     
   8.6430322169804471E-010   5.0382078836586205E-003  0.35317016344471464     
   9.1551640726638686E-010   4.9678575061282400E-003  0.35299693422059064     
   9.6976416485784716E-010   4.8985021275028207E-003  0.35282611356520566     
   1.0272263041691177E-009   4.8301275826809643E-003  0.35265766657103081     
   1.0880932892912378E-009   4.7627197837076087E-003  0.35249155894862794     
   1.1525668700221515E-009   4.6962647391523213E-003  0.35232775701524388     
   1.2208607505868930E-009   4.6307485714890545E-003  0.35216622768490857     
   1.2932012979819060E-009   4.5661575320034035E-003  0.35200693845457970     
   1.3698282922914403E-009   4.5024780138467725E-003  0.35184985739124702     
   1.4509957214629533E-009   4.4396965631696992E-003  0.35169495311839560     
   1.5369726231759393E-009   4.3777998885052381E-003  0.35154219480181476     
   1.6280439765946246E-009   4.3167748685728567E-003  0.35139155213592554     
   1.7245116469603009E-009   4.2566085586267788E-003  0.35124299532975634     
   1.8266953861543218E-009   4.1972881954995735E-003  0.35109649509318996     
   1.9349338925481330E-009   4.1388012014757910E-003  0.35095202262356195     
   2.0495859336533995E-009   4.0811351871167375E-003  0.35080954959256694     
   2.1710315352933365E-009   4.0242779531569923E-003  0.35066904813342026     
   2.2996732412368329E-009   3.9682174915816578E-003  0.35053049082846860     
   2.4359374474706473E-009   3.9129419859898614E-003  0.35039385069748552     
   2.5802758155321420E-009   3.8584398113255462E-003  0.35025910118594988     
   2.7331667695872851E-009   3.8046995330711869E-003  0.35012621615420064     
   2.8951170822161108E-009   3.7517099059730724E-003  0.34999516986672674     
   3.0666635541618150E-009   3.6994598723694779E-003  0.34986593698219831     
   3.2483747936113296E-009   3.6479385601828275E-003  0.34973849254372047     
   3.4408531009048106E-009   3.5971352806259539E-003  0.34961281196950000     
   3.6447364649212423E-009   3.5470395256809095E-003  0.34948887104418180     
   3.8607006777573320E-009   3.4976409653803900E-003  0.34936664591017053     
   4.0894615747089323E-009   3.4489294449429647E-003  0.34924611305976688     
   4.3317774069798217E-009   3.4008949817848455E-003  0.34912724932729344     
   4.5884513549821976E-009   3.3535277624441298E-003  0.34901003188179891     
   4.8603341905596656E-009   3.3068181394390957E-003  0.34889443821998556     
   5.1483270969568729E-009   3.2607566280862042E-003  0.34878044615951442     
   5.4533846558827384E-009   3.2153339032928402E-003  0.34866803383245210     
   5.7765180115684621E-009   3.1705407963462809E-003  0.34855717967920258     
   6.1187982223076047E-009   3.1263682917065062E-003  0.34844786244248027     
   6.4813598105874949E-009   3.0828075238222624E-003  0.34834006116163013     
   6.8654045235791776E-009   3.0398497739751950E-003  0.34823375516725941     
   7.2722053164502449E-009   2.9974864671617101E-003  0.34812892407590962     
   7.7031105717040125E-009   2.9557091690203038E-003  0.34802554778496742     
   8.1595485685300393E-009   2.9145095828116579E-003  0.34792360646790105     
   8.6430322169804484E-009   2.8738795464517369E-003  0.34782308056949274     
   9.1551640726638688E-009   2.8338110296058636E-003  0.34772395080133300     
   9.6976416485784712E-009   2.7942961308442750E-003  0.34762619813738965     
   1.0272263041691177E-008   2.7553270748640140E-003  0.34752980380992032     
   1.0880932892912376E-008   2.7168962097732555E-003  0.34743474930517632     
   1.1525668700221516E-008   2.6789960044453151E-003  0.34734101635957382     
   1.2208607505868933E-008   2.6416190459389497E-003  0.34724858695578287     
   1.2932012979819060E-008   2.6047580369855036E-003  0.34715744331900988     
   1.3698282922914402E-008   2.5684057935439837E-003  0.34706756791328974     
   1.4509957214629535E-008   2.5325552424223601E-003  0.34697894343806940     
   1.5369726231759395E-008   2.4971994189636098E-003  0.34689155282457229     
   1.6280439765946244E-008   2.4623314647994428E-003  0.34680537923263199     
   1.7245116469603011E-008   2.4279446256634547E-003  0.34672040604732551     
   1.8266953861543219E-008   2.3940322492705364E-003  0.34663661687571046     
   1.9349338925481309E-008   2.3605877832547609E-003  0.34655399554384558     
   2.0495859336533994E-008   2.3276047731667702E-003  0.34647252609352219     
   2.1710315352933369E-008   2.2950768605316690E-003  0.34639219277948302     
   2.2996732412368353E-008   2.2629977809601326E-003  0.34631298006640410     
   2.4359374474706476E-008   2.2313613623152237E-003  0.34623487262593994     
   2.5802758155321393E-008   2.2001615229337601E-003  0.34615785533408666     
   2.7331667695872850E-008   2.1693922698978511E-003  0.34608191326828169     
   2.8951170822161105E-008   2.1390476973553183E-003  0.34600703170473002     
   3.0666635541618184E-008   2.1091219848910661E-003  0.34593319611576034     
   3.2483747936113302E-008   2.0796093959424967E-003  0.34586039216722370     
   3.4408531009048065E-008   2.0505042762617351E-003  0.34578860571589493     
   3.6447364649212418E-008   2.0218010524202688E-003  0.34571782280702074     
   3.8607006777573319E-008   1.9934942303557464E-003  0.34564802967167929     
   4.0894615747089369E-008   1.9655783939603452E-003  0.34557921272454434     
   4.3317774069798227E-008   1.9380482037067302E-003  0.34551135856135146     
   4.5884513549821928E-008   1.9108983953126299E-003  0.34544445395658308     
   4.8603341905596654E-008   1.8841237784411752E-003  0.34537848586112974     
   5.1483270969568729E-008   1.8577192354361414E-003  0.34531344139993181     
   5.4533846558827434E-008   1.8316797200929962E-003  0.34524930786995117     
   5.7765180115684629E-008   1.8060002564574331E-003  0.34518607273759777     
   6.1187982223075993E-008   1.7806759376615194E-003  0.34512372363687488     
   6.4813598105874948E-008   1.7557019247841992E-003  0.34506224836695459     
   6.8654045235791783E-008   1.7310734457447118E-003  0.34500163489023700     
   7.2722053164502521E-008   1.7067857942225091E-003  0.34494187133020260     
   7.7031105717040131E-008   1.6828343286026295E-003  0.34488294596918923     
   8.1595485685300300E-008   1.6592144709496950E-003  0.34482484724660134     
   8.6430322169804474E-008   1.6359217060050051E-003  0.34476756375672335     
   9.1551640726638678E-008   1.6129515802080384E-003  0.34471108424683622     
   9.6976416485784798E-008   1.5902997007404269E-003  0.34465539761510949     
   1.0272263041691177E-007   1.5679617345936803E-003  0.34460049290883887     
   1.0880932892912365E-007   1.5459334076569145E-003  0.34454635932245165     
   1.1525668700221518E-007   1.5242105038263045E-003  0.34449298619565583     
   1.2208607505868933E-007   1.5027888641332139E-003  0.34444036301155906     
   1.2932012979819071E-007   1.4816643858925991E-003  0.34438847939481027     
   1.3698282922914400E-007   1.4608330218701935E-003  0.34433732510997539     
   1.4509957214629519E-007   1.4402907794654508E-003  0.34428689005946234     
   1.5369726231759392E-007   1.4200337199146177E-003  0.34423716428202794     
   1.6280439765946247E-007   1.4000579575079890E-003  0.34418813795089298     
   1.7245116469603024E-007   1.3803596588249098E-003  0.34413980137213157     
   1.8266953861543217E-007   1.3609350419830184E-003  0.34409214498296348     
   1.9349338925481309E-007   1.3417803759033912E-003  0.34404515935005942     
   2.0495859336533996E-007   1.3228919795890480E-003  0.34399883516790059     
   2.1710315352933369E-007   1.3042662214192854E-003  0.34395316325732167     
   2.2996732412368351E-007   1.2858995184550515E-003  0.34390813456369734     
   2.4359374474706469E-007   1.2677883357599220E-003  0.34386374015562687     
   2.5802758155321390E-007   1.2499291857311695E-003  0.34381997122313684     
   2.7331667695872851E-007   1.2323186274461530E-003  0.34377681907651370     
   2.8951170822161109E-007   1.2149532660171345E-003  0.34373427514448102     
   3.0666635541618180E-007   1.1978297519604773E-003  0.34369233097301505     
   3.2483747936113298E-007   1.1809447805754656E-003  0.34365097822383306     
   3.4408531009048073E-007   1.1642950913340426E-003  0.34361020867293901     
   3.6447364649212421E-007   1.1478774672818732E-003  0.34357001420939742     
   3.8607006777573320E-007   1.1316887344484032E-003  0.34353038683382670     
   4.0894615747089368E-007   1.1157257612679349E-003  0.34349131865735871     
   4.3317774069798217E-007   1.0999854580096913E-003  0.34345280190014443     
   4.5884513549821926E-007   1.0844647762173248E-003  0.34341482889027553     
   4.8603341905596652E-007   1.0691607081574964E-003  0.34337739206253448     
   5.1483270969568732E-007   1.0540702862776694E-003  0.34334048395729144     
   5.4533846558827431E-007   1.0391905826719801E-003  0.34330409721939747     
   5.7765180115684621E-007   1.0245187085561099E-003  0.34326822459719070     
   6.1187982223075982E-007   1.0100518137498950E-003  0.34323285894140515     
   6.4813598105874963E-007   9.9578708616824630E-004  0.34319799320434924     
   6.8654045235791780E-007   9.8172175131932150E-004  0.34316362043890597     
   7.2722053164502527E-007   9.6785307181168829E-004  0.34312973379786915     
   7.7031105717040137E-007   9.5417834686685877E-004  0.34309632653302974     
   8.1595485685300308E-007   9.4069491184176567E-004  0.34306339199475860     
   8.6430322169804479E-007   9.2740013775540983E-004  0.34303092363112586     
   9.1551640726638686E-007   9.1429143082557033E-004  0.34299891498773849     
   9.6976416485784812E-007   9.0136623201002894E-004  0.34296735970718545     
   1.0272263041691178E-006   8.8862201655568059E-004  0.34293625152879847     
   1.0880932892912365E-006   8.7605629355407455E-004  0.34290558428853818     
   1.1525668700221515E-006   8.6366660550373040E-004  0.34287535191908763     
   1.2208607505868932E-006   8.5145052787823929E-004  0.34284554844986326     
   1.2932012979819074E-006   8.3940566870148296E-004  0.34281616800748133     
   1.3698282922914402E-006   8.2752966812889772E-004  0.34278720481631048     
   1.4509957214629518E-006   8.1582019803413735E-004  0.34275865319907706     
   1.5369726231759393E-006   8.0427496160329168E-004  0.34273050757798046     
   1.6280439765946245E-006   7.9289169293415168E-004  0.34270276247593290     
   1.7245116469603025E-006   7.8166815664146609E-004  0.34267541251803996     
   1.8266953861543216E-006   7.7060214746906962E-004  0.34264845243358633     
   1.9349338925481311E-006   7.5969148990721988E-004  0.34262187705823244     
   2.0495859336534007E-006   7.4893403781576585E-004  0.34259568133663337     
   2.1710315352933358E-006   7.3832767405368515E-004  0.34256986032558784     
   2.2996732412368351E-006   7.2787031011514931E-004  0.34254440919786577     
   2.4359374474706473E-006   7.1755988576981935E-004  0.34251932324609402     
   2.5802758155321388E-006   7.0739436871105547E-004  0.34249459788788322     
   2.7331667695872860E-006   6.9737175420909341E-004  0.34247022867137888     
   2.8951170822161090E-006   6.8749006477039360E-004  0.34244621128147251     
   3.0666635541618180E-006   6.7774734980422977E-004  0.34242254154743990     
   3.2483747936113296E-006   6.6814168529396375E-004  0.34239921545096380     
   3.4408531009048074E-006   6.5867117347623457E-004  0.34237622913575466     
   3.6447364649212438E-006   6.4933394252611714E-004  0.34235357891827772     
   3.8607006777573296E-006   6.4012814624894471E-004  0.34233126129987329     
   4.0894615747089371E-006   6.3105196377961730E-004  0.34230927298060421     
   4.3317774069798225E-006   6.2210359928848769E-004  0.34228761087475318     
   4.5884513549821929E-006   6.1328128169531749E-004  0.34226627212844429     
   4.8603341905596681E-006   6.0458326439065087E-004  0.34224525413948098     
   5.1483270969568698E-006   5.9600782496563331E-004  0.34222455457981743     
   5.4533846558827439E-006   5.8755326494977749E-004  0.34220417142057341     
   5.7765180115684623E-006   5.7921790955832322E-004  0.34218410296066243     
   6.1187982223075986E-006   5.7100010744874435E-004  0.34216434785868310     
   6.4813598105874995E-006   5.6289823048684992E-004  0.34214490516883250     
   6.8654045235791740E-006   5.5491067352442616E-004  0.34212577438158309     
   7.2722053164502537E-006   5.4703585418689230E-004  0.34210695546899900     
   7.7031105717040135E-006   5.3927221267412965E-004  0.34208844893617585     
   8.1595485685300304E-006   5.3161821157330052E-004  0.34207025587846629     
   8.6430322169804517E-006   5.2407233568610261E-004  0.34205237804644417     
   9.1551640726638631E-006   5.1663309187021690E-004  0.34203481791833268     
   9.6976416485784799E-006   5.0929900889755690E-004  0.34201757878172567     
   1.0272263041691177E-005   5.0206863732913591E-004  0.34200066482520897     
   1.0880932892912367E-005   4.9494054940893244E-004  0.34198408124131935     
   1.1525668700221520E-005   4.8791333897814571E-004  0.34196783434208822     
   1.2208607505868924E-005   4.8098562141158193E-004  0.34195193168898397     
   1.2932012979819072E-005   4.7415603357767324E-004  0.34193638223841571     
   1.3698282922914400E-005   4.6742323382546682E-004  0.34192119650558406     
   1.4509957214629518E-005   4.6078590199968443E-004  0.34190638674802987     
   1.5369726231759399E-005   4.5424273948721077E-004  0.34189196717185200     
   1.6280439765946237E-005   4.4779246929809596E-004  0.34187795416309685     
   1.7245116469603027E-005   4.4143383618419613E-004  0.34186436654775032     
   1.8266953861543219E-005   4.3516560679858365E-004  0.34185122588317335     
   1.9349338925481315E-005   4.2898656990097186E-004  0.34183855678558006     
   2.0495859336534006E-005   4.2289553661233373E-004  0.34182638729740034     
   2.1710315352933359E-005   4.1689134072455801E-004  0.34181474929967298     
   2.2996732412368345E-005   4.1097283907061248E-004  0.34180367897506514     
   2.4359374474706474E-005   4.0513891196086244E-004  0.34179321732743267     
   2.5802758155321399E-005   3.9938846369274396E-004  0.34178341076503888     
   2.7331667695872865E-005   3.9372042314129031E-004  0.34177431175530759     
   2.8951170822161091E-005   3.8813374443895143E-004  0.34176597955979066     
   3.0666635541618167E-005   3.8262740775377315E-004  0.34175848105916795     
   3.2483747936113299E-005   3.7720042017670935E-004  0.34175189167953501     
   3.4408531009048080E-005   3.7185181672897289E-004  0.34174629643217902     
   3.6447364649212435E-005   3.6658066150327580E-004  0.34174179108122321     
   3.8607006777573299E-005   3.6138604895173801E-004  0.34173848345447916     
   4.0894615747089362E-005   3.5626710533798991E-004  0.34173649491573066     
   4.3317774069798221E-005   3.5122299036969391E-004  0.34173596201786050     
   4.5884513549821940E-005   3.4625289903239103E-004  0.34173703835982838     
   4.8603341905596678E-005   3.4135606364613796E-004  0.34173989667253918     
   5.1483270969568704E-005   3.3653175616947897E-004  0.34174473116216042     
   5.4533846558827421E-005   3.3177929077909821E-004  0.34175176014329872     
   5.7765180115684622E-005   3.2709802675489588E-004  0.34176122899779188     
   6.1187982223075995E-005   3.2248737170668024E-004  0.34177341350115620     
   6.4813598105874971E-005   3.1794678518013786E-004  0.34178862356187417     
   6.8654045235791753E-005   3.1347578268649755E-004  0.34180720742642595     
   7.2722053164502503E-005   3.0907394020611141E-004  0.34182955640987295     
   7.7031105717040131E-005   3.0474089922067032E-004  0.34185611021815826     
   8.1595485685300321E-005   3.0047637233844392E-004  0.34188736293908717     
   8.6430322169804517E-005   2.9628014958422327E-004  0.34192386978823958     
   9.1551640726638648E-005   2.9215210543597739E-004  0.34196625470829162     
   9.6976416485784785E-005   2.8809220670159648E-004  0.34201521893364312     
   1.0272263041691177E-004   2.8410052134329337E-004  0.34207155064837619     
   1.0880932892912368E-004   2.8017722837240437E-004  0.34213613588377184     
   1.1525668700221520E-004   2.7632262895601988E-004  0.34220997082182358     
   1.2208607505868928E-004   2.7253715890035988E-004  0.34229417569785103     
   1.2932012979819068E-004   2.6882140269985500E-004  0.34239001052175788     
   1.3698282922914405E-004   2.6517610937501089E-004  0.34249889287334634     
   1.4509957214629523E-004   2.6160221035756480E-004  0.34262241806533289     
   1.5369726231759400E-004   2.5810083972795431E-004  0.34276238201542103     
   1.6280439765946239E-004   2.5467335716540480E-004  0.34292080722475943     
   1.7245116469603020E-004   2.5132137403657216E-004  0.34309997232534745     
   1.8266953861543217E-004   2.4804678313159254E-004  0.34330244574041235     
   100000000000000000000.0   0.000000000000000000000  0.00000000000000000
