   2.9885632378536148E+025   9670000.0000000000       0.31159085079394738     
   0.000000000000000000000   0.000000000000000000000  0.80883628453294487
   6.1187982223076042E-016   1.3033442609208558E-002  0.80883628453294487     
   6.4813598105875088E-016   1.3747195183724203E-002  0.80859267167733240     
   6.8654045235791632E-016   1.4494587602666710E-002  0.80832356105003966     
   7.2722053164502448E-016   1.5276351718991743E-002  0.80802656579225129     
   7.7031105717040139E-016   1.6093092908496719E-002  0.80769913676732197     
   8.1595485685300388E-016   1.6945264178623916E-002  0.80733856498986267     
   8.6430322169804654E-016   1.7833138030326851E-002  0.80694198765436786     
   9.1551640726638495E-016   1.8756776324845990E-002  0.80650639852108963     
   9.6976416485784691E-016   1.9715998533980580E-002  0.80602866342655621     
   1.0272263041691179E-015   2.0710348944466217E-002  0.80550554172863842     
   1.0880932892912378E-015   2.1739063591611804E-002  0.80493371448470930     
   1.1525668700221539E-015   2.2801037928290468E-002  0.80430982008004648     
   1.2208607505868908E-015   2.3894796500460707E-002  0.80363049792960983     
   1.2932012979819058E-015   2.5018466158016256E-002  0.80289244064288368     
   1.3698282922914403E-015   2.6169754602037035E-002  0.80209245479043390     
   1.4509957214629533E-015   2.7345936298524314E-002  0.80122752999023583     
   1.5369726231759423E-015   2.8543847977197633E-002  0.80029491558037535     
   1.6280439765946210E-015   2.9759896028185479E-002  0.79929220353706265     
   1.7245116469603008E-015   3.0990078092116624E-002  0.79821741562813764     
   1.8266953861543215E-015   3.2230020951681260E-002  0.79706909209369359     
   1.9349338925481329E-015   3.3475036466439657E-002  0.79584637838877581     
   2.0495859336534040E-015   3.4720196699891001E-002  0.79454910584876248     
   2.1710315352933322E-015   3.5960428569833891E-002  0.79317786158534864     
   2.2996732412368333E-015   3.7190627331535983E-002  0.79173404256080715     
   2.4359374474706472E-015   3.8405786976331693E-002  0.79021988871747428     
   2.5802758155321421E-015   3.9601144323566026E-002  0.78863849034295175     
   2.7331667695872904E-015   4.0772332235462179E-002  0.78699376555347134     
   2.8951170822161049E-015   4.1915536150389961E-002  0.78529040490760949     
   3.0666635541618149E-015   4.3027647140229303E-002  0.78353378169272292     
   3.2483747936113298E-015   4.4106404050931552E-002  0.78172982824978965     
   3.4408531009048106E-015   4.5150517135556609E-002  0.77988488074101148     
   3.6447364649212496E-015   4.6159765959388352E-002  0.77800549676384634     
   3.8607006777573233E-015   4.7135065303982357E-002  0.77609825208255079     
   4.0894615747089337E-015   4.8078494228353183E-002  0.77416952421688201     
   4.3317774069798224E-015   4.8993285295859258E-002  0.77222527158853227     
   4.5884513549821974E-015   4.9883773041612303E-002  0.77027081728931346     
   4.8603341905596762E-015   5.0755302879956055E-002  0.76831064621282597     
   5.1483270969568629E-015   5.1614103615378847E-002  0.76634822342857611     
   5.4533846558827379E-015   5.2467128363990700E-002  0.76438584028181289     
   5.7765180115684628E-015   5.3321869878706837E-002  0.76242449303773996     
   6.1187982223076046E-015   5.4186156942924883E-002  0.76046379707573453     
   6.4813598105875082E-015   5.5067938634925165E-002  0.75850193789906761     
   6.8654045235791628E-015   5.5975062945375645E-002  0.75653565871911821     
   7.2722053164502450E-015   5.6915055550131863E-002  0.75456028320538548     
   7.7031105717040135E-015   5.7894903626097748E-002  0.75256977122730939     
   8.1595485685300390E-015   5.8920848618803257E-002  0.75055680507312317     
   8.6430322169804644E-015   5.9998190936121382E-002  0.74851290363938605     
   9.1551640726638495E-015   6.1131108785200679E-002  0.74642856239384159     
   9.6976416485784703E-015   6.2322492874602058E-002  0.74429341738550270     
   1.0272263041691175E-014   6.3573798490425826E-002  0.74209643209451082     
   1.0880932892912378E-014   6.4884916582916910E-002  0.73982610635460444     
   1.1525668700221539E-014   6.6254065865819320E-002  0.73747070682191196     
   1.2208607505868906E-014   6.7677708557691715E-002  0.73501851838854315     
   1.2932012979819061E-014   6.9150493108159738E-002  0.73245811549616890     
   1.3698282922914402E-014   7.0665228002687319E-002  0.72977865140348541     
   1.4509957214629534E-014   7.2212891344325181E-002  0.72697016213998122     
   1.5369726231759424E-014   7.3782681245068912E-002  0.72402388013369412     
   1.6280439765946213E-014   7.5362111982855098E-002  0.72093255045266025     
   1.7245116469603007E-014   7.6937160229799018E-002  0.71769074040815206     
   1.8266953861543217E-014   7.8492464386173258E-002  0.71429513111144927     
   1.9349338925481331E-014   8.0011578075122894E-002  0.71074477776904288     
   2.0495859336534037E-014   8.1477276201448012E-002  0.70704132429861744     
   2.1710315352933321E-014   8.2871908815865453E-002  0.70318915755750577     
   2.2996732412368330E-014   8.4177794480758711E-002  0.69919548737584891     
   2.4359374474706474E-014   8.5377641315363087E-002  0.69507034077293506     
   2.5802758155321421E-014   8.6454980667923370E-002  0.69082646232303802     
   2.7331667695872908E-014   8.7394595876316386E-002  0.68647911742178769     
   2.8951170822161049E-014   8.8182927187822335E-002  0.68204580088284805     
   3.0666635541618149E-014   8.8808433848941160E-002  0.67754585942657120     
   3.2483747936113296E-014   8.9261895853165171E-002  0.67300004252310119     
   3.4408531009048103E-014   8.9536640739641141E-002  0.66843000120100926     
   3.6447364649212494E-014   8.9628685007427003E-002  0.66385775815755932     
   3.8607006777573241E-014   8.9536784744846096E-002  0.65930517443318915     
   4.0894615747089324E-014   8.9262395499041677E-002  0.65479343779816812     
   4.3317774069798219E-014   8.8809546686520205E-002  0.65034259587278442     
   4.5884513549821982E-014   8.8184640501825007E-002  0.64597115316601506     
   4.8603341905596751E-014   8.7396188907133091E-002  0.64169574608829005     
   5.1483270969568627E-014   8.6454504649489991E-002  0.63753090423620018     
   5.4533846558827390E-014   8.5371363255482710E-002  0.63348890034193561     
   5.7765180115684621E-014   8.4159652682563063E-002  0.62957968594592884     
   6.1187982223076043E-014   8.2833025934038657E-002  0.62581090532512396     
   6.4813598105875092E-014   8.1405569785477458E-002  0.62218797697484174     
   6.8654045235791636E-014   7.9891500063736229E-002  0.61871422980759183     
   7.2722053164502447E-014   7.8304891043082511E-002  0.61539108047946878     
   7.7031105717040128E-014   7.6659443661765192E-002  0.61221823840732981     
   8.1595485685300381E-014   7.4968294690870144E-002  0.60919392614984391     
   8.6430322169804666E-014   7.3243866745686004E-002  0.60631510433686164     
   9.1551640726638492E-014   7.1497757286394986E-002  0.60357769231175429     
   9.6976416485784694E-014   6.9740663440897771E-002  0.60097677760396884     
   1.0272263041691177E-013   6.7982338655990043E-002  0.59850680935753542     
   1.0880932892912377E-013   6.6231576694159786E-002  0.59616177252080083     
   1.1525668700221538E-013   6.4496218367663269E-002  0.59393534116399260     
   1.2208607505868907E-013   6.2783176498837565E-002  0.59182101046103752     
   1.2932012979819061E-013   6.1098474910981422E-002  0.58981220786553534     
   1.3698282922914400E-013   5.9447297637659935E-002  0.58790238461490418     
   1.4509957214629534E-013   5.7834045022497442E-002  0.58608508919266267     
   1.5369726231759426E-013   5.6262393866872033E-002  0.58435402459505859     
   1.6280439765946210E-013   5.4735359297749628E-002  0.58270309141198651     
   1.7245116469603008E-013   5.3255356460804024E-002  0.58112641866710590     
   1.8266953861543216E-013   5.1824260567604738E-002  0.57961838432971879     
   1.9349338925481331E-013   5.0443464185041850E-002  0.57817362724377852     
   2.0495859336534035E-013   4.9113930991360369E-002  0.57678705211409309     
   2.1710315352933325E-013   4.7836245461154718E-002  0.57545382895588193     
   2.2996732412368332E-013   4.6610658162690277E-002  0.57416938828757369     
   2.4359374474706471E-013   4.5437126517154744E-002  0.57292941314581125     
   2.5802758155321413E-013   4.4315351031139240E-002  0.57172982890301527     
   2.7331667695872905E-013   4.3244807092242522E-002  0.57056679166835378     
   2.8951170822161046E-013   4.2224772505900073E-002  0.56943667597862890     
   3.0666635541618146E-013   4.1254351007313790E-002  0.56833606234203649     
   3.2483747936113299E-013   4.0332492056622739E-002  0.56726172516596618     
   3.4408531009048106E-013   3.9458007232396342E-002  0.56621062145298506     
   3.6447364649212493E-013   3.8629583579017190E-002  0.56517988063174607     
   3.8607006777573243E-013   3.7845794281089806E-002  0.56416679578612927     
   4.0894615747089328E-013   3.7105107089680171E-002  0.56316881655329931     
   4.3317774069798227E-013   3.6405890914006193E-002  0.56218354383040614     
   4.5884513549821972E-013   3.5746421024550043E-002  0.56120872642966391     
   4.8603341905596752E-013   3.5124883320914166E-002  0.56024225971226960     
   5.1483270969568616E-013   3.4539378159223526E-002  0.55928218624065162     
   5.4533846558827387E-013   3.3987924207543901E-002  0.55832669832868786     
   5.7765180115684631E-013   3.3468462806608645E-002  0.55737414235678728     
   6.1187982223076048E-013   3.2978863288153519E-002  0.55642302457674098     
   6.4813598105875084E-013   3.2516929694247923E-002  0.55547201813043678     
   6.8654045235791638E-013   3.2080409261175329E-002  0.55451997082031435     
   7.2722053164502449E-013   3.1667002963515892E-002  0.55356591316356440     
   7.7031105717040138E-013   3.1274378315190574E-002  0.55260906612851746     
   8.1595485685300381E-013   3.0900184517842742E-002  0.55164884800204317     
   8.6430322169804656E-013   3.0542069899065018E-002  0.55068487970979607     
   9.1551640726638471E-013   3.0197701424531164E-002  0.54971698797777224     
   9.6976416485784711E-013   2.9864785939015714E-002  0.54874520578333841     
   1.0272263041691177E-012   2.9541092617204653E-002  0.54776976958068047     
   1.0880932892912377E-012   2.9224476019798145E-002  0.54679111300756433     
   1.1525668700221539E-012   2.8912899003060780E-002  0.54580985681563920     
   1.2208607505868906E-012   2.8604454715845093E-002  0.54482679507632759     
   1.2932012979819060E-012   2.8297386875538365E-002  0.54384287776763307     
   1.3698282922914403E-012   2.7990107592919037E-002  0.54285919024009954     
   1.4509957214629534E-012   2.7681212066709284E-002  0.54187692999110704     
   1.5369726231759425E-012   2.7369489628534627E-002  0.54089738150015332     
   1.6280439765946211E-012   2.7053930778226886E-002  0.53992188989597079     
   1.7245116469603007E-012   2.6733730032947767E-002  0.53895183426824378     
   1.8266953861543218E-012   2.6408284614079101E-002  0.53798860148407079     
   1.9349338925481334E-012   2.6077189167364012E-002  0.53703356122973123     
   2.0495859336533993E-012   2.5740226872905263E-002  0.53608804297606794     
   2.1710315352933370E-012   2.5397357437714159E-002  0.53515331539975519     
   2.2996732412368327E-012   2.5048702527887916E-002  0.53423056864968343     
   2.4359374474706476E-012   2.4694529268073227E-002  0.53332089972085917     
   2.5802758155321420E-012   2.4335232430667628E-002  0.53242530100276131     
   2.7331667695872850E-012   2.3971315913132844E-002  0.53154465198701650     
   2.8951170822161106E-012   2.3603374049982646E-002  0.53067971399203862     
   3.0666635541618149E-012   2.3232073251576908E-002  0.52983112764534024     
   3.2483747936113301E-012   2.2858134344534389E-002  0.52899941289289909     
   3.4408531009048108E-012   2.2482315958648909E-002  0.52818497115122276     
   3.6447364649212417E-012   2.2105399180941079E-002  0.52738808929664216     
   3.8607006777573313E-012   2.1728173645601600E-002  0.52660894514489132     
   4.0894615747089325E-012   2.1351425146235520E-002  0.52584761410926129     
   4.3317774069798224E-012   2.0975924850737855E-002  0.52510407669712855     
   4.5884513549821976E-012   2.0602420049877494E-002  0.52437822663783396     
   4.8603341905596653E-012   2.0231626463740285E-002  0.52366987933522136     
   5.1483270969568721E-012   1.9864222004316305E-002  0.52297878046427315     
   5.4533846558827383E-012   1.9500841911943029E-002  0.52230461452282739     
   5.7765180115684631E-012   1.9142075160174035E-002  0.52164701318489237     
   6.1187982223076046E-012   1.8788462012691572E-002  0.52100556332942660     
   6.4813598105874955E-012   1.8440492602683951E-002  0.52037981464671323     
   6.8654045235791771E-012   1.8098606433924840E-002  0.51976928673499800     
   7.2722053164502445E-012   1.7763192627439413E-002  0.51917347565084815     
   7.7031105717040130E-012   1.7434590837745085E-002  0.51859185985866318     
   8.1595485685300383E-012   1.7113092691996734E-002  0.51802390557086031     
   8.6430322169804471E-012   1.6798943643003935E-002  0.51746907147382293     
   9.1551640726638689E-012   1.6492345129035926E-002  0.51692681285306130     
   9.6976416485784691E-012   1.6193456942098759E-002  0.51639658513327535     
   1.0272263041691177E-011   1.5902399715970131E-002  0.51587784687734839     
   1.0880932892912378E-011   1.5619257460225485E-002  0.51537006227629478     
   1.1525668700221517E-011   1.5344080044335462E-002  0.51487270316751399     
   1.2208607505868933E-011   1.5076885651078792E-002  0.51438525067112228     
   1.2932012979819061E-011   1.4817663039639438E-002  0.51390719644039451     
   1.3698282922914402E-011   1.4566373675797165E-002  0.51343804362984424     
   1.4509957214629532E-011   1.4322953660063737E-002  0.51297730761772831     
   1.5369726231759394E-011   1.4087315444864350E-002  0.51252451654307241     
   1.6280439765946247E-011   1.3859349331707297E-002  0.51207921171249349     
   1.7245116469603010E-011   1.3638924749061174E-002  0.51164094793098058     
   1.8266953861543218E-011   1.3425891320114231E-002  0.51120929380900082     
   1.9349338925481334E-011   1.3220079735898055E-002  0.51078383208995959     
   2.0495859336533997E-011   1.3021302460812009E-002  0.51036416004785867     
   2.1710315352933371E-011   1.2829354300601654E-002  0.50994988998718915     
   2.2996732412368330E-011   1.2644012872827157E-002  0.50954064988007508     
   2.4359374474706472E-011   1.2465039025146136E-002  0.50913608416455602     
   2.5802758155321416E-011   1.2292177252145082E-002  0.50873585471862559     
   2.7331667695872848E-011   1.2125156165525074E-002  0.50833964201572790     
   2.8951170822161107E-011   1.1963689075976639E-002  0.50794714645619465     
   3.0666635541618147E-011   1.1807474743770400E-002  0.50755808985453854     
   3.2483747936113293E-011   1.1656198354711742E-002  0.50717221705162563     
   3.4408531009048108E-011   1.1509532772327743E-002  0.50678929761110869     
   3.6447364649212424E-011   1.1367140111768863E-002  0.50640912751693312     
   3.8607006777573318E-011   1.1228673660702827E-002  0.50603153086875263     
   4.0894615747089324E-011   1.1093780174925211E-002  0.50565636140270198     
   4.3317774069798224E-011   1.0962102540623866E-002  0.50528350382646625     
   4.5884513549821979E-011   1.0833282788023476E-002  0.50491287485131231     
   4.8603341905596658E-011   1.0706965414553779E-002  0.50454442383479448     
   5.1483270969568737E-011   1.0582800958342152E-002  0.50417813296528258     
   5.4533846558827384E-011   1.0460449739641265E-002  0.50381401691267869     
   5.7765180115684635E-011   1.0339585672631367E-002  0.50345212190108946     
   6.1187982223076054E-011   1.0219900036153935E-002  0.50309252417512507     
   6.4813598105874960E-011   1.0101105083987014E-002  0.50273532785791131     
   6.8654045235791768E-011   9.9829373728352409E-003  0.50238066222361311     
   7.2722053164502453E-011   9.8651606920578463E-003  0.50202867844009658     
   7.7031105717040134E-011   9.7475684891663583E-003  0.50167954585450025     
   8.1595485685300377E-011   9.6299857035875343E-003  0.50133344792420631     
   8.6430322169804474E-011   9.5122699437106169E-003  0.50099057790962787     
   9.1551640726638696E-011   9.3943119690851253E-003  0.50065113445641907     
   9.6976416485784688E-011   9.2760354678224806E-003  0.50031531720114064     
   1.0272263041691177E-010   9.1573961491260569E-003  0.49998332253107280     
   1.0880932892912378E-010   9.0383801974815298E-003  0.49965533961767328     
   1.1525668700221514E-010   8.9190021593754491E-003  0.49933154683123554     
   1.2208607505868932E-010   8.7993023490026013E-003  0.49901210862388712     
   1.2932012979819061E-010   8.6793438997842948E-003  0.49869717293196308     
   1.3698282922914400E-010   8.5592095150677731E-003  0.49838686916542213     
   1.4509957214629532E-010   8.4389981096357567E-003  0.49808130675817469     
   1.5369726231759393E-010   8.3188213911460848E-003  0.49778057429840472     
   1.6280439765946245E-010   8.1988005054797562E-003  0.49748473919748631     
   1.7245116469603008E-010   8.0790628291668460E-003  0.49719384785238618     
   1.8266953861543220E-010   7.9597389808620383E-003  0.49690792624194313     
   1.9349338925481333E-010   7.8409601065988072E-003  0.49662698089053664     
   2.0495859336533997E-010   7.7228554796846087E-003  0.49635100012431749     
   2.1710315352933369E-010   7.6055504336883647E-003  0.49607995555369166     
   2.2996732412368332E-010   7.4891646405126485E-003  0.49581380370784078     
   2.4359374474706473E-010   7.3738107269067966E-003  0.49555248776042859     
   2.5802758155321421E-010   7.2595932150637098E-003  0.49529593928902699     
   2.7331667695872850E-010   7.1466077646128792E-003  0.49504408002019129     
   2.8951170822161109E-010   7.0349406877704863E-003  0.49479682351993653     
   3.0666635541618148E-010   6.9246687060563047E-003  0.49455407679839769     
   3.2483747936113293E-010   6.8158589138476158E-003  0.49431574180575349     
   3.4408531009048104E-010   6.7085689200925480E-003  0.49408171680197066     
   3.6447364649212421E-010   6.6028471282774783E-003  0.49385189759337378     
   3.8607006777573319E-010   6.4987331313369739E-003  0.49362617862980840     
   4.0894615747089329E-010   6.3962581906922538E-003  0.49340445396422977     
   4.3317774069798225E-010   6.2954457755339992E-003  0.49318661807815806     
   4.5884513549821974E-010   6.1963121410041760E-003  0.49297256658023331     
   4.8603341905596664E-010   6.0988669270976995E-003  0.49276219678621297     
   5.1483270969568723E-010   6.0031137631722797E-003  0.49255540819043347     
   5.4533846558827378E-010   5.9090508657970988E-003  0.49235210283913838     
   5.7765180115684633E-010   5.8166716202721685E-003  0.49215218561645602     
   6.1187982223076051E-010   5.7259651384586642E-003  0.49195556445376720     
   6.4813598105874960E-010   5.6369167874975243E-003  0.49176215047220850     
   6.8654045235791786E-010   5.5495086860307520E-003  0.49157185806851350     
   7.2722053164502440E-010   5.4637201641998716E-003  0.49138460495141911     
   7.7031105717040131E-010   5.3795281905224292E-003  0.49120031214060039     
   8.1595485685300377E-010   5.2969077591991046E-003  0.49101890392969672     
   8.6430322169804471E-010   5.2158322437911141E-003  0.49084030782441762     
   9.1551640726638686E-010   5.1362737160210378E-003  0.49066445445948392     
   9.6976416485784716E-010   5.0582032317017201E-003  0.49049127749960364     
   1.0272263041691177E-009   4.9815910856256997E-003  0.49032071352853190     
   1.0880932892912378E-009   4.9064070374322932E-003  0.49015270192993060     
   1.1525668700221515E-009   4.8326205105552944E-003  0.48998718476297470     
   1.2208607505868930E-009   4.7602007663888673E-003  0.48982410663517678     
   1.2932012979819060E-009   4.6891170557856196E-003  0.48966341457442969     
   1.3698282922914403E-009   4.6193387499412980E-003  0.48950505790191762     
   1.4509957214629533E-009   4.5508354526329628E-003  0.48934898810730132     
   1.5369726231759393E-009   4.4835770955304159E-003  0.48919515872740182     
   1.6280439765946246E-009   4.4175340193393685E-003  0.48904352522670014     
   1.7245116469603009E-009   4.3526770396978441E-003  0.48889404488719962     
   1.8266953861543218E-009   4.2889775030919876E-003  0.48874667669795979     
   1.9349338925481330E-009   4.2264073312464909E-003  0.48860138125274272     
   2.0495859336533995E-009   4.1649390564400543E-003  0.48845812065217875     
   2.1710315352933365E-009   4.1045458486834606E-003  0.48831685841136585     
   2.2996732412368329E-009   4.0452015357865696E-003  0.48817755937280977     
   2.4359374474706473E-009   3.9868806172382795E-003  0.48804018962457141     
   2.5802758155321420E-009   3.9295582727283769E-003  0.48790471642336669     
   2.7331667695872851E-009   3.8732103660541408E-003  0.48777110812275976     
   2.8951170822161108E-009   3.8178134450692343E-003  0.48763933410592275     
   3.0666635541618150E-009   3.7633447382616971E-003  0.48750936472290612     
   3.2483747936113296E-009   3.7097821484794236E-003  0.48738117123223851     
   3.4408531009048106E-009   3.6571042442611616E-003  0.48725472574644085     
   3.6447364649212423E-009   3.6052902491764114E-003  0.48713000118148081     
   3.8607006777573320E-009   3.5543200295281947E-003  0.48700697120970260     
   4.0894615747089323E-009   3.5041740807281430E-003  0.48688561021613619     
   4.3317774069798217E-009   3.4548335126161856E-003  0.48676589325799868     
   4.5884513549821976E-009   3.4062800339586126E-003  0.48664779602703295     
   4.8603341905596656E-009   3.3584959363311953E-003  0.48653129481465812     
   5.1483270969568729E-009   3.3114640775620766E-003  0.48641636647954872     
   5.4533846558827384E-009   3.2651678648896727E-003  0.48630298841775310     
   5.7765180115684621E-009   3.2195912379640928E-003  0.48619113853479395     
   6.1187982223076047E-009   3.1747186518052565E-003  0.48608079521995456     
   6.4813598105874949E-009   3.1305350598130068E-003  0.48597193732235061     
   6.8654045235791776E-009   3.0870258969086170E-003  0.48586454412881136     
   7.2722053164502449E-009   3.0441770628763590E-003  0.48575859534328947     
   7.7031105717040125E-009   3.0019749059602093E-003  0.48565407106778857     
   8.1595485685300393E-009   2.9604062067638444E-003  0.48555095178477348     
   8.6430322169804484E-009   2.9194581624877483E-003  0.48544921834059390     
   9.1551640726638688E-009   2.8791183715393882E-003  0.48534885193037269     
   9.6976416485784712E-009   2.8393748185334619E-003  0.48524983408367695     
   1.0272263041691177E-008   2.8002158597065989E-003  0.48515214665146816     
   1.0880932892912376E-008   2.7616302087539965E-003  0.48505577179373810     
   1.1525668700221516E-008   2.7236069231018813E-003  0.48496069196813779     
   1.2208607505868933E-008   2.6861353906166936E-003  0.48486688991930776     
   1.2932012979819060E-008   2.6492053167565931E-003  0.48477434866895125     
   1.3698282922914402E-008   2.6128067121628544E-003  0.48468305150653768     
   1.4509957214629535E-008   2.5769298806898595E-003  0.48459298198071893     
   1.5369726231759395E-008   2.5415654078680223E-003  0.48450412389115455     
   1.6280439765946244E-008   2.5067041497944566E-003  0.48441646128098381     
   1.7245116469603011E-008   2.4723372224438132E-003  0.48432997842968795     
   1.8266953861543219E-008   2.4384559913908166E-003  0.48424465984649423     
   1.9349338925481309E-008   2.4050520619349532E-003  0.48416049026403862     
   2.0495859336533994E-008   2.3721172696182075E-003  0.48407745463253443     
   2.1710315352933369E-008   2.3396436711246500E-003  0.48399553811426588     
   2.2996732412368353E-008   2.3076235355510284E-003  0.48391472607831537     
   2.4359374474706476E-008   2.2760493360382437E-003  0.48383500409570512     
   2.5802758155321393E-008   2.2449137417502965E-003  0.48375635793470584     
   2.7331667695872850E-008   2.2142096101919876E-003  0.48367877355647926     
   2.8951170822161105E-008   2.1839299798517100E-003  0.48360223711087702     
   3.0666635541618184E-008   2.1540680631594034E-003  0.48352673493255616     
   3.2483747936113302E-008   2.1246172397469741E-003  0.48345225353717863     
   3.4408531009048065E-008   2.0955710500017476E-003  0.48337877961787107     
   3.6447364649212418E-008   2.0669231889002301E-003  0.48330630004184322     
   3.8607006777573319E-008   2.0386675001127781E-003  0.48323480184711493     
   4.0894615747089369E-008   2.0107979703674417E-003  0.48316427223951330     
   4.3317774069798227E-008   1.9833087240635132E-003  0.48309469858961945     
   4.5884513549821928E-008   1.9561940181245406E-003  0.48302606843005519     
   4.8603341905596654E-008   1.9294482370798643E-003  0.48295836945264597     
   5.1483270969568729E-008   1.9030658883676238E-003  0.48289158950594196     
   5.4533846558827434E-008   1.8770415978472590E-003  0.48282571659270279     
   5.7765180115684629E-008   1.8513701055141375E-003  0.48276073886740589     
   6.1187982223075993E-008   1.8260462614074721E-003  0.48269664463402812     
   6.4813598105874948E-008   1.8010650217029048E-003  0.48263342234380302     
   6.8654045235791783E-008   1.7764214449814183E-003  0.48257106059300520     
   7.2722053164502521E-008   1.7521106886677236E-003  0.48250954812095598     
   7.7031105717040131E-008   1.7281280056292089E-003  0.48244887380789214     
   8.1595485685300300E-008   1.7044687409301020E-003  0.48238902667316835     
   8.6430322169804474E-008   1.6811283287314414E-003  0.48232999587317732     
   9.1551640726638678E-008   1.6581022893330441E-003  0.48227177069968274     
   9.6976416485784798E-008   1.6353862263481333E-003  0.48221434057790280     
   1.0272263041691177E-007   1.6129758240072043E-003  0.48215769506485329     
   1.0880932892912365E-007   1.5908668445825905E-003  0.48210182384758210     
   1.1525668700221518E-007   1.5690551259309664E-003  0.48204671674162924     
   1.2208607505868933E-007   1.5475365791448616E-003  0.48199236368926707     
   1.2932012979819071E-007   1.5263071863116497E-003  0.48193875475808146     
   1.3698282922914400E-007   1.5053629983721980E-003  0.48188588013935357     
   1.4509957214629519E-007   1.4847001330758061E-003  0.48183373014657932     
   1.5369726231759392E-007   1.4643147730265416E-003  0.48178229521400551     
   1.6280439765946247E-007   1.4442031638166753E-003  0.48173156589524618     
   1.7245116469603024E-007   1.4243616122430289E-003  0.48168153286184218     
   1.8266953861543217E-007   1.4047864846017998E-003  0.48163218690190174     
   1.9349338925481309E-007   1.3854742050590787E-003  0.48158351891877765     
   2.0495859336533996E-007   1.3664212540923798E-003  0.48153551992977162     
   2.1710315352933369E-007   1.3476241670003989E-003  0.48148818106483487     
   2.2996732412368351E-007   1.3290795324773300E-003  0.48144149356538174     
   2.4359374474706469E-007   1.3107839912486394E-003  0.48139544878297658     
   2.5802758155321390E-007   1.2927342347656245E-003  0.48135003817826599     
   2.7331667695872851E-007   1.2749270039552937E-003  0.48130525331971657     
   2.8951170822161109E-007   1.2573590880232595E-003  0.48126108588256966     
   3.0666635541618180E-007   1.2400273233072405E-003  0.48121752764770892     
   3.2483747936113298E-007   1.2229285921777041E-003  0.48117457050060930     
   3.4408531009048073E-007   1.2060598219846622E-003  0.48113220643027715     
   3.6447364649212421E-007   1.1894179840474014E-003  0.48109042752834169     
   3.8607006777573320E-007   1.1730000926850526E-003  0.48104922598801114     
   4.0894615747089368E-007   1.1568032042866205E-003  0.48100859410320373     
   4.3317774069798217E-007   1.1408244164177724E-003  0.48096852426763942     
   4.5884513549821926E-007   1.1250608669631334E-003  0.48092900897409685     
   4.8603341905596652E-007   1.1095097333018015E-003  0.48089004081349934     
   5.1483270969568732E-007   1.0941682315149604E-003  0.48085161247430402     
   5.4533846558827431E-007   1.0790336156236140E-003  0.48081371674176354     
   5.7765180115684621E-007   1.0641031768551257E-003  0.48077634649733914     
   6.1187982223075982E-007   1.0493742429370418E-003  0.48073949471814809     
   6.4813598105874963E-007   1.0348441774171119E-003  0.48070315447653372     
   6.8654045235791780E-007   1.0205103790075895E-003  0.48066731893961023     
   7.2722053164502527E-007   1.0063702809535882E-003  0.48063198136903973     
   7.7031105717040137E-007   9.9242135042316689E-004  0.48059713512077334     
   8.1595485685300308E-007   9.7866108791923420E-004  0.48056277364500766     
   8.6430322169804479E-007   9.6508702671129225E-004  0.48052889048619463     
   9.1551640726638686E-007   9.5169673228647238E-004  0.48049547928318309     
   9.6976416485784812E-007   9.3848780181931971E-004  0.48046253376966064     
   1.0272263041691178E-006   9.2545786365825946E-004  0.48043004777446402     
   1.0880932892912365E-006   9.1260457682950454E-004  0.48039801522239811     
   1.1525668700221515E-006   8.9992563055632838E-004  0.48036643013504587     
   1.2208607505868932E-006   8.8741874379350634E-004  0.48033528663185243     
   1.2932012979819074E-006   8.7508166477673604E-004  0.48030457893164202     
   1.3698282922914402E-006   8.6291217058500182E-004  0.48027430135406191     
   1.4509957214629518E-006   8.5090806671708969E-004  0.48024444832177293     
   1.5369726231759393E-006   8.3906718667998406E-004  0.48021501436262631     
   1.6280439765946245E-006   8.2738739159015447E-004  0.48018599411254997     
   1.7245116469603025E-006   8.1586656978583955E-004  0.48015738231864430     
   1.8266953861543216E-006   8.0450263645112457E-004  0.48012917384298132     
   1.9349338925481311E-006   7.9329353325033488E-004  0.48010136366675277     
   2.0495859336534007E-006   7.8223722797351048E-004  0.48007394689533728     
   2.1710315352933358E-006   7.7133171419139742E-004  0.48004691876378774     
   2.2996732412368351E-006   7.6057501092068318E-004  0.48002027464331348     
   2.4359374474706473E-006   7.4996516229866930E-004  0.47999401004858533     
   2.5802758155321388E-006   7.3950023726728192E-004  0.47996812064601396     
   2.7331667695872860E-006   7.2917832926629265E-004  0.47994260226321334     
   2.8951170822161090E-006   7.1899755593558389E-004  0.47991745089968180     
   3.0666635541618180E-006   7.0895605882621328E-004  0.47989266273888859     
   3.2483747936113296E-006   6.9905200312045629E-004  0.47986823416197211     
   3.4408531009048074E-006   6.8928357736054377E-004  0.47984416176315747     
   3.6447364649212438E-006   6.7964899318625615E-004  0.47982044236723959     
   3.8607006777573296E-006   6.7014648508142559E-004  0.47979707304921704     
   4.0894615747089371E-006   6.6077431012928221E-004  0.47977405115646327     
   4.3317774069798225E-006   6.5153074777715616E-004  0.47975137433372167     
   4.5884513549821929E-006   6.4241409961029788E-004  0.47972904055116466     
   4.8603341905596681E-006   6.3342268913537563E-004  0.47970704813611659     
   5.1483270969568698E-006   6.2455486157396510E-004  0.47968539580859160     
   5.4533846558827439E-006   6.1580898366619561E-004  0.47966408272132782     
   5.7765180115684623E-006   6.0718344348526659E-004  0.47964310850484926     
   6.1187982223075986E-006   5.9867665026331327E-004  0.47962247331803060     
   6.4813598105874995E-006   5.9028703422898184E-004  0.47960217790497223     
   6.8654045235791740E-006   5.8201304645783957E-004  0.47958222365889008     
   7.2722053164502537E-006   5.7385315873619285E-004  0.47956261269393163     
   7.7031105717040135E-006   5.6580586343908537E-004  0.47954334792577086     
   8.1595485685300304E-006   5.5786967342379026E-004  0.47952443316214810     
   8.6430322169804517E-006   5.5004312193993575E-004  0.47950587320464638     
   9.1551640726638631E-006   5.4232476255726652E-004  0.47948767396281144     
   9.6976416485784799E-006   5.3471316911277828E-004  0.47946984258236774     
   1.0272263041691177E-005   5.2720693567891630E-004  0.47945238758920056     
   1.0880932892912367E-005   5.1980467655430782E-004  0.47943531905093428     
   1.1525668700221520E-005   5.1250502627942906E-004  0.47941864875833923     
   1.2208607505868924E-005   5.0530663967924693E-004  0.47940239042895377     
   1.2932012979819072E-005   4.9820819193543519E-004  0.47938655993567630     
   1.3698282922914400E-005   4.9120837869094788E-004  0.47937117556328052     
   1.4509957214629518E-005   4.8430591619009008E-004  0.47935625829645340     
   1.5369726231759399E-005   4.7749954145735653E-004  0.47934183214292525     
   1.6280439765946237E-005   4.7078801251929499E-004  0.47932792449630524     
   1.7245116469603027E-005   4.6417010867302416E-004  0.47931456654318327     
   1.8266953861543219E-005   4.5764463080688741E-004  0.47930179372016701     
   1.9349338925481315E-005   4.5121040177769045E-004  0.47928964622674181     
   2.0495859336534006E-005   4.4486626685103040E-004  0.47927816960097036     
   2.1710315352933359E-005   4.3861109421081617E-004  0.47926741536566841     
   2.2996732412368345E-005   4.3244377554509361E-004  0.47925744175356599     
   2.4359374474706474E-005   4.2636322671646718E-004  0.47924831452140276     
   2.5802758155321399E-005   4.2036838852572744E-004  0.47924010786371946     
   2.7331667695872865E-005   4.1445822757834607E-004  0.47923290543843899     
   2.8951170822161091E-005   4.0863173726531017E-004  0.47922680151838704     
   3.0666635541618167E-005   4.0288793886978226E-004  0.47922190228388306     
   3.2483747936113299E-005   3.9722588281351431E-004  0.47921832727387675     
   3.4408531009048080E-005   3.9164465005787712E-004  0.47921621101536982     
   3.6447364649212435E-005   3.8614335367617936E-004  0.47921570485283832     
   3.8607006777573299E-005   3.8072114061611022E-004  0.47921697900274129     
   4.0894615747089362E-005   3.7537719367270887E-004  0.47922022486065563     
   4.3317774069798221E-005   3.7011073369542136E-004  0.47922565759268521     
   4.5884513549821940E-005   3.6492102205496770E-004  0.47923351904647254     
   4.8603341905596678E-005   3.5980736339882819E-004  0.47924408102140226     
   5.1483270969568704E-005   3.5476910872804263E-004  0.47925764894338863     
   5.4533846558827421E-005   3.4980565883150001E-004  0.47927456599456075     
   5.7765180115684622E-005   3.4491646811850041E-004  0.47929521775524536     
   6.1187982223075995E-005   3.4010104889555486E-004  0.47932003742313462     
   6.4813598105874971E-005   3.3535897613900601E-004  0.47934951168242218     
   6.8654045235791753E-005   3.3068989282192458E-004  0.47938418730612514     
   7.2722053164502503E-005   3.2609351586112320E-004  0.47942467858522458     
   7.7031105717040131E-005   3.2156964275906473E-004  0.47947167569100224     
   8.1595485685300321E-005   3.1711815902576534E-004  0.47952595409178755     
   8.6430322169804517E-005   3.1273904647724201E-004  0.47958838516123520     
   9.1551640726638648E-005   3.0843239252131908E-004  0.47965994813501184     
   9.6976416485784785E-005   3.0419840055727142E-004  0.47974174359440952     
   1.0272263041691177E-004   3.0003740163507992E-004  0.47983500868114787     
   1.0880932892912368E-004   2.9594986754225868E-004  0.47994113427723256     
   1.1525668700221520E-004   2.9193642551252427E-004  0.48006168441803421     
   1.2208607505868928E-004   2.8799787478255381E-004  0.48019841824768028     
   1.2932012979819068E-004   2.8413520526003957E-004  0.48035331487239463     
   1.3698282922914405E-004   2.8034961861182837E-004  0.48052860152377735     
   1.4509957214629523E-004   2.7664255213528694E-004  0.48072678550952563     
   1.5369726231759400E-004   2.7301570584178036E-004  0.48095069050726963     
   1.6280439765946239E-004   2.6947107326143145E-004  0.48120349785046096     
   1.7245116469603020E-004   2.6601097657639138E-004  0.48148879356669028     
   1.8266953861543217E-004   2.6263810681013662E-004  0.48181062206298919     
   100000000000000000000.0   0.000000000000000000000  0.00000000000000000
