   6.0722282438806106E+024   7134000.0000000000       0.28013715245590159     
   0.000000000000000000000   0.000000000000000000000  0.62481819515920101
   1.0308252214338041E-013   1.3052324218385168E-002  0.62481819515920101     
   1.0919054558104616E-013   1.3765405272628902E-002  0.62463665895761733     
   1.1566049216086335E-013   1.4543090846029141E-002  0.62439339957974727     
   1.2251380717723322E-013   1.5358592106080404E-002  0.62419809732102827     
   1.2977320663813645E-013   1.6183053699957567E-002  0.62390588646248246     
   1.3746275255964820E-013   1.7102984741321083E-002  0.62366676350401606     
   1.4560793272193139E-013   1.8033816085995764E-002  0.62328507553631429     
   1.5423574515106935E-013   1.9017667920259714E-002  0.62291087074427620     
   1.6337478760676535E-013   2.0043013125395633E-002  0.62246803541259621     
   1.7305535237251469E-013   2.1128801177887679E-002  0.62202280333174842     
   1.8330952666245472E-013   2.2245447648777891E-002  0.62150666685224831     
   1.9417129897769086E-013   2.3422157228644755E-002  0.62095131053092500     
   2.0567667176463148E-013   2.4639838756377666E-002  0.62031402353151566     
   2.1786378074875261E-013   2.5906108542898335E-002  0.61962506354565383     
   2.3077302133932448E-013   2.7218242184443131E-002  0.61887000332364983     
   2.4444718252409763E-013   2.8579631844690385E-002  0.61804737964512291     
   2.5893158869774334E-013   2.9983621418055575E-002  0.61714146329832542     
   2.7427424989415731E-013   3.1430651944987176E-002  0.61615269939542350     
   2.9052602092059301E-013   3.2915289229473628E-002  0.61507084543633561     
   3.0774076992107333E-013   3.4436108017151391E-002  0.61389204549648790     
   3.2597555692782418E-013   3.5988711267098066E-002  0.61261087628305633     
   3.4529082299253944E-013   3.7566879635726372E-002  0.61122319276013237     
   3.6575059052437807E-013   3.9166305157297326E-002  0.60972022213584254     
   3.8742267549874100E-013   4.0779285838891358E-002  0.60810086378122574     
   4.1037891224019369E-013   4.2397285738851161E-002  0.60635842334193912     
   4.3469539152462927E-013   4.4012847369305101E-002  0.60448974327322480     
   4.6045271278986397E-013   4.5615817046987771E-002  0.60249234685349329     
   4.8773625129065011E-013   4.7196162386420139E-002  0.60036476874162381     
   5.1663644108362790E-013   4.8742967126155619E-002  0.59810695473308362     
   5.4724907478017018E-013   5.0245157993464053E-002  0.59572079104812881     
   5.7967562106072046E-013   5.1690539770796386E-002  0.59320816249756603     
   6.1402356100302703E-013   5.3067417878526882E-002  0.59057391498083467     
   6.5040674433907870E-013   5.4363976531231414E-002  0.58782401133625650     
   6.8894576682160217E-013   5.5568131975763123E-002  0.58496660500838238     
   7.2976836995090651E-013   5.6669246569308468E-002  0.58201130828583136     
   7.7300986438705624E-013   5.7656976768474894E-002  0.57896915512562797     
   8.1881357845078089E-013   5.8521957545996380E-002  0.57585273704788609     
   8.6733133319973302E-013   5.9256383386281225E-002  0.57267584539119143     
   9.1872394565480248E-013   5.9853741835300858E-002  0.56945323156563932     
   9.7316176184442713E-013   6.0309307026653998E-002  0.56620027659198990     
   1.0308252214338041E-012   6.0619959146498641E-002  0.56293277260409380     
   1.0919054558104615E-012   6.0784490542230521E-002  0.55966648049520595     
   1.1566049216086334E-012   6.0803370651698073E-002  0.55641687580280819     
   1.2251380717723318E-012   6.0679027002948534E-002  0.55319883753112764     
   1.2977320663813644E-012   6.0415437144897985E-002  0.55002629690899740     
   1.3746275255964824E-012   6.0018060850159059E-002  0.54691215927561232     
   1.4560793272193139E-012   5.9493742854781706E-002  0.54386796655719338     
   1.5423574515106938E-012   5.8850471206116368E-002  0.54090380616041200     
   1.6337478760676533E-012   5.8097118742393900E-002  0.53802827194085978     
   1.7305535237251468E-012   5.7243235199198717E-002  0.53524839515433253     
   1.8330952666245471E-012   5.6298814203305805E-002  0.53256969934310960     
   1.9417129897769046E-012   5.5274181145251441E-002  0.52999613916944488     
   2.0567667176463192E-012   5.4179587029483264E-002  0.52753037675913550     
   2.1786378074875259E-012   5.3025235442121697E-002  0.52517373829279590     
   2.3077302133932448E-012   5.1821019853964367E-002  0.52292642376310960     
   2.4444718252409768E-012   5.0576473699145204E-002  0.52078759131974184     
   2.5893158869774276E-012   4.9300598788684008E-002  0.51875554731970674     
   2.7427424989415787E-012   4.8001858233067525E-002  0.51682787469324099     
   2.9052602092059299E-012   4.6688064128261528E-002  0.51500155313498597     
   3.0774076992107334E-012   4.5366393358691755E-002  0.51327308513304737     
   3.2597555692782412E-012   4.4043362388869418E-002  0.51163862951547046     
   3.4529082299253870E-012   4.2724816920407485E-002  0.51009407925560113     
   3.6575059052437878E-012   4.1415958160967950E-002  0.50863516748784676     
   3.8742267549874103E-012   4.0121359604659165E-002  0.50725753884952662     
   4.1037891224019377E-012   3.8844993958696339E-002  0.50595681257458447     
   4.3469539152462926E-012   3.7590278910216844E-002  0.50472864279993179     
   4.6045271278986298E-012   3.6360104613497951E-002  0.50356875286758307     
   4.8773625129065108E-012   3.5156883069528883E-002  0.50247298195213608     
   5.1663644108362784E-012   3.3982576710485386E-002  0.50143729950530813     
   5.4724907478017028E-012   3.2838754265739109E-002  0.50045783616874795     
   5.7967562106072046E-012   3.1726621737027817E-002  0.49953088810843310     
   6.1402356100302592E-012   3.0647059075923026E-002  0.49865293947229727     
   6.5040674433907994E-012   2.9600660165380405E-002  0.49782065559581917     
   6.8894576682160215E-012   2.8587767358003738E-002  0.49703088847228721     
   7.2976836995090657E-012   2.7608498137685820E-002  0.49628067797933045     
   7.7300986438705634E-012   2.6662782154823223E-002  0.49556724816193887     
   8.1881357845077919E-012   2.5750378937740542E-002  0.49488800436163288     
   8.6733133319973500E-012   2.4870909793700397E-002  0.49424051981584022     
   9.1872394565480252E-012   2.4023876159374000E-002  0.49362254023481211     
   9.7316176184442745E-012   2.3208678851752769E-002  0.49303196444803415     
   1.0308252214338042E-011   2.2424638408687993E-002  0.49246684758580184     
   1.0919054558104596E-011   2.1671008992489464E-002  0.49192538149998277     
   1.1566049216086357E-011   2.0946992513486511E-002  0.49140589821450326     
   1.2251380717723319E-011   2.0251751764497027E-002  0.49090685172492943     
   1.2977320663813643E-011   1.9584420509923445E-002  0.49042681652871223     
   1.3746275255964820E-011   1.8944113738861026E-002  0.48996447534100190     
   1.4560793272193110E-011   1.8329933274755891E-002  0.48951861497994864     
   1.5423574515106970E-011   1.7740978372159877E-002  0.48908811675852631     
   1.6337478760676535E-011   1.7176349567731043E-002  0.48867195017302656     
   1.7305535237251469E-011   1.6635153617048568E-002  0.48826916694855504     
   1.8330952666245470E-011   1.6116508801691218E-002  0.48787889382418942     
   1.9417129897769049E-011   1.5619547534809637E-002  0.48750032782758951     
   2.0567667176463190E-011   1.5143419799484938E-002  0.48713272915389622     
   2.1786378074875261E-011   1.4687296194353635E-002  0.48677541792617451     
   2.3077302133932451E-011   1.4250367858205231E-002  0.48642776812343114     
   2.4444718252409764E-011   1.3831849842769781E-002  0.48608920336947031     
   2.5893158869774276E-011   1.3430981607934385E-002  0.48575919338181034     
   2.7427424989415784E-011   1.3047027505618845E-002  0.48543724923749276     
   2.9052602092059298E-011   1.2679277959295063E-002  0.48512292075822666     
   3.0774076992107335E-011   1.2327048717830280E-002  0.48481579262082652     
   3.2597555692782420E-011   1.1989682139865385E-002  0.48451548145557066     
   3.4529082299253870E-011   1.1666546427520371E-002  0.48422163320495909     
   3.6575059052437883E-011   1.1357035263423869E-002  0.48393392050482825     
   3.8742267549874099E-011   1.1060568015561333E-002  0.48365204038655663     
   4.1037891224019372E-011   1.0776588642650888E-002  0.48337571194560330     
   4.3469539152462924E-011   1.0504565962393622E-002  0.48310467460366391     
   4.6045271278986303E-011   1.0243992202314712E-002  0.48283868620207981     
   4.8773625129065116E-011   9.9943829425743896E-003  0.48257752115227542     
   5.1663644108362789E-011   9.7552760597419616E-003  0.48232096932148155     
   5.4724907478017021E-011   9.5262310128305088E-003  0.48206883445853377     
   5.7967562106072048E-011   9.3068282002480348E-003  0.48182093294669126     
   6.1402356100302595E-011   9.0966680015660238E-003  0.48157709288957884     
   6.5040674433907998E-011   8.8953700381275130E-003  0.48133715296987956     
   6.8894576682160224E-011   8.7025723700289628E-003  0.48110096182651324     
   7.2976836995090650E-011   8.5179307015470166E-003  0.48086837720732423     
   7.7300986438705624E-011   8.3411175003550077E-003  0.48063926546961183     
   8.1881357845077913E-011   8.1718212009836196E-003  0.48041350110161796     
   8.6733133319973494E-011   8.0097456923564573E-003  0.48019096642070935     
   9.1872394565480235E-011   7.8546095849058063E-003  0.47997155132057995     
   9.7316176184442738E-011   7.7061456181160030E-003  0.47975515312152656     
   1.0308252214338043E-010   7.5641002878669272E-003  0.47954167660752045     
   1.0919054558104594E-010   7.4282333574416225E-003  0.47933103400872878     
   1.1566049216086358E-010   7.2983179228629678E-003  0.47912314507324572     
   1.2251380717723320E-010   7.1741399525394531E-003  0.47891793727033449     
   1.2977320663813646E-010   7.0554989601209119E-003  0.47871534573083963     
   1.3746275255964819E-010   6.9422076417730919E-003  0.47851531345636944     
   1.4560793272193108E-010   6.8340927777990465E-003  0.47831779117797613     
   1.5423574515106970E-010   6.7309952216400857E-003  0.47812273727905602     
   1.6337478760676534E-010   6.6327711473991770E-003  0.47793011744063435     
   1.7305535237251471E-010   6.5392919788417941E-003  0.47773990426624169     
   1.8330952666245474E-010   6.4504455626297960E-003  0.47755207657263127     
   1.9417129897769049E-010   6.3661365958649413E-003  0.47736661863126667     
   2.0567667176463193E-010   6.2862869875990037E-003  0.47718351922753355     
   2.1786378074875259E-010   6.2108364219133688E-003  0.47700277056037343     
   2.3077302133932448E-010   6.1397423922031277E-003  0.47682436713341020     
   2.4444718252409766E-010   6.0729803874365789E-003  0.47664830456792273     
   2.5893158869774284E-010   6.0105434735812742E-003  0.47647457849668473     
   2.7427424989415788E-010   5.9524422157383435E-003  0.47630318350588946     
   2.9052602092059301E-010   5.8987039948296587E-003  0.47613411222116980     
   3.0774076992107330E-010   5.8493725547767352E-003  0.47596735455436073     
   3.2597555692782413E-010   5.8045073037697138E-003  0.47580289713006124     
   3.4529082299253875E-010   5.7641827723373751E-003  0.47564072287518955     
   3.6575059052437884E-010   5.7284879556400593E-003  0.47548081081695703     
   3.8742267549874102E-010   5.6975258425273120E-003  0.47532313602524107     
   4.1037891224019373E-010   5.6714130328410139E-003  0.47516766967133139     
   4.3469539152462921E-010   5.6502795373367144E-003  0.47501437920374967     
   4.6045271278986304E-010   5.6342685908078475E-003  0.47486322859779628     
   4.8773625129065111E-010   5.6235368187109395E-003  0.47471417861900700     
   5.1663644108362775E-010   5.6182543723378936E-003  0.47456718712120621     
   5.4724907478017020E-010   5.6186053319049190E-003  0.47442220931553486     
   5.7967562106072052E-010   5.6247882006665931E-003  0.47427919800832391     
   6.1402356100302593E-010   5.6370165552786971E-003  0.47413810378981419     
   6.5040674433908001E-010   5.6555197279380808E-003  0.47399887516826383     
   6.8894576682160219E-010   5.6805436765186065E-003  0.47386145863232249     
   7.2976836995090655E-010   5.7123519491099218E-003  0.47372579863913000     
   7.7300986438705619E-010   5.7512266325027168E-003  0.47359183753956663     
   8.1881357845077923E-010   5.7974694729376703E-003  0.47345951541996217     
   8.6733133319973486E-010   5.8514030410983259E-003  0.47332876987292027     
   9.1872394565480238E-010   5.9133719436361238E-003  0.47319953569203482     
   9.7316176184442723E-010   5.9837441053676374E-003  0.47307174449308648     
   1.0308252214338041E-009   6.0629121545305933E-003  0.47294532425440322     
   1.0919054558104593E-009   6.1512948187217482E-003  0.47282019878271891     
   1.1566049216086354E-009   6.2493384379380540E-003  0.47269628709390871     
   1.2251380717723319E-009   6.3575185171110887E-003  0.47257350270717507     
   1.2977320663813643E-009   6.4763413826394054E-003  0.47245175284809482     
   1.3746275255964821E-009   6.6063458766580868E-003  0.47233093755078764     
   1.4560793272193109E-009   6.7481051973406264E-003  0.47221094864828972     
   1.5423574515106970E-009   6.9022287579887480E-003  0.47209166864796870     
   1.6337478760676534E-009   7.0693641826887355E-003  0.47197296947051226     
   1.7305535237251468E-009   7.2501993886554018E-003  0.47185471104415333     
   1.8330952666245471E-009   7.4454647522705069E-003  0.47173673973539504     
   1.9417129897769046E-009   7.6559353846080720E-003  0.47161888659846068     
   2.0567667176463192E-009   7.8824335272856781E-003  0.47150096542081449     
   2.1786378074875260E-009   8.1258310278323077E-003  0.47138277054461203     
   2.3077302133932452E-009   8.3870519408249713E-003  0.47126407443432733     
   2.4444718252409764E-009   8.6670752190043734E-003  0.47114462496348170     
   2.5893158869774279E-009   8.9669375322818188E-003  0.47102414238571066     
   2.7427424989415785E-009   9.2877361680053123E-003  0.47090231595670135     
   2.9052602092059296E-009   9.6306320326518240E-003  0.47077880016438478     
   3.0774076992107333E-009   9.9968527536267934E-003  0.47065321052327735     
   3.2597555692782413E-009   1.0387695834896300E-002  0.47052511888519255     
   3.4529082299253875E-009   1.0804531903872143E-002  0.47039404820939773     
   3.6575059052437879E-009   1.1248807977400179E-002  0.47025946673613994     
   3.8742267549874094E-009   1.1722050771051986E-002  0.47012078149401237     
   4.1037891224019366E-009   1.2225869983670024E-002  0.46997733107258194     
   4.3469539152462921E-009   1.2761961539632412E-002  0.46982837758180795     
   4.6045271278986302E-009   1.3332110744123339E-002  0.46967309771149540     
   4.8773625129065117E-009   1.3938195292813352E-002  0.46951057280052128     
   5.1663644108362779E-009   1.4582188061016830E-002  0.46933977781779740     
   5.4724907478017016E-009   1.5266159600860717E-002  0.46915956914818607     
   5.7967562106072048E-009   1.5992280252637860E-002  0.46896867107118761     
   6.1402356100302587E-009   1.6762821738207978E-002  0.46876566081659182     
   6.5040674433907995E-009   1.7580158121338174E-002  0.46854895207274594     
   6.8894576682160217E-009   1.8446765942714764E-002  0.46831677682456718     
   7.2976836995090645E-009   1.9365223371064093E-002  0.46806716539298349     
   7.7300986438705631E-009   2.0338208112913109E-002  0.46779792455561897     
   8.1881357845077927E-009   2.1368493848651877E-002  0.46750661362981571     
   8.6733133319973494E-009   2.2458944849708406E-002  0.46719051841755643     
   9.1872394565480238E-009   2.3612508465300105E-002  0.46684662292630713     
   9.7316176184442727E-009   2.4832205035874935E-002  0.46647157881327606     
   1.0308252214338041E-008   2.6121114780689691E-002  0.46606167253913994     
   1.0919054558104593E-008   2.7482361129877356E-002  0.46561279027385555     
   1.1566049216086357E-008   2.8919089890352821E-002  0.46512038067041955     
   1.2251380717723320E-008   3.0434443582734720E-002  0.46457941571734762     
   1.2977320663813645E-008   3.2031530204246685E-002  0.46398435000247940     
   1.3746275255964821E-008   3.3713385598721508E-002  0.46332907887266356     
   1.4560793272193109E-008   3.5482928559313023E-002  0.46260689616242440     
   1.5423574515106970E-008   3.7342907736992802E-002  0.46181045239393648     
   1.6337478760676535E-008   3.9295839388716759E-002  0.46093171462812471     
   1.7305535237251470E-008   4.1343935007322613E-002  0.45996192947269010     
   1.8330952666245453E-008   4.3489017911687855E-002  0.45889159113501260     
   1.9417129897769045E-008   4.5732427976476725E-002  0.45771041684353725     
   2.0567667176463190E-008   4.8074913858530029E-002  0.45640733244816672     
   2.1786378074875283E-008   5.0516512353766259E-002  0.45497047154089187     
   2.3077302133932452E-008   5.3056414913468193E-002  0.45338719199552302     
   2.4444718252409741E-008   5.5692821902274273E-002  0.45164411438290880     
   2.5893158869774279E-008   5.8422785892424486E-002  0.44972718724117955     
   2.7427424989415785E-008   6.1242046212473214E-002  0.44762178461080593     
   2.9052602092059327E-008   6.4144858085572853E-002  0.44531284151647216     
   3.0774076992107337E-008   6.7123821029233935E-002  0.44278503309895462     
   3.2597555692782383E-008   7.0169712709621551E-002  0.44002300276720008     
   3.4529082299253872E-008   7.3271336110821872E-002  0.43701164393060676     
   3.6575059052437881E-008   7.6415389594122501E-002  0.43373643845956972     
   3.8742267549874142E-008   7.9586371076937987E-002  0.43018385288489758     
   4.1037891224019371E-008   8.2766528946063012E-002  0.42634179039406361     
   4.3469539152462887E-008   8.5935873234396970E-002  0.42220009286266330     
   4.6045271278986299E-008   8.9072260737063175E-002  0.41775108251931214     
   4.8773625129065110E-008   9.2151566852839248E-002  0.41299012752568237     
   5.1663644108362835E-008   9.5147954712279215E-002  0.40791621005930939     
   5.4724907478017017E-008   9.8034248395824516E-002  0.40253246987027524     
   5.7967562106071983E-008  0.10078241165062485       0.39684669136152823     
   6.1402356100302588E-008  0.10336412658558936       0.39087169875330346     
   6.5040674433908008E-008  0.10575145869463251       0.38462562263468680     
   6.8894576682160293E-008  0.10791758584419925       0.37813200291927723     
   7.2976836995090660E-008  0.10983756042823398       0.37141969845069955     
   7.7300986438705548E-008  0.11148906680720283       0.36452258245235419     
   8.1881357845077931E-008  0.11285313152128619       0.35747901541002874     
   8.6733133319973478E-008  0.11391474259782979       0.35033110200228917     
   9.1872394565480351E-008  0.11466333722380101       0.34312375501809933     
   9.7316176184442734E-008  0.11509312427831028       0.33590360509587580     
   1.0308252214338029E-007  0.11520321926881466       0.32871780869899669     
   1.0919054558104595E-007  0.11499758299704854       0.32161281627235444     
   1.1566049216086356E-007  0.11448477024575036       0.31463316670267599     
   1.2251380717723333E-007  0.11367750912014354       0.30782037243396720     
   1.2977320663813642E-007  0.11259214365520326       0.30121195206899976     
   1.3746275255964808E-007  0.11124798054394619       0.29484065499778417     
   1.4560793272193109E-007  0.10966658457208502       0.28873390709941094     
   1.5423574515106968E-007  0.10787106648062834       0.28291348974312774     
   1.6337478760676550E-007  0.10588540209144960       0.27739544803541605     
   1.7305535237251470E-007  0.10373381369142774       0.27219021010285510     
   1.8330952666245453E-007  0.10144023520647398       0.26730288827444154     
   1.9417129897769050E-007   9.9027872940051900E-002  0.26273372587994637     
   2.0567667176463191E-007   9.6518864742534988E-002  0.25847865004058446     
   2.1786378074875282E-007   9.3934033213580959E-002  0.25452989089958566     
   2.3077302133932446E-007   9.1292723337326909E-002  0.25087663055654141     
   2.4444718252409739E-007   8.8612711865765262E-002  0.24750564973315006     
   2.5893158869774280E-007   8.5910174575151280E-002  0.24440194611792590     
   2.7427424989415783E-007   8.3199697831141423E-002  0.24154930470111208     
   2.9052602092059327E-007   8.0494322239454144E-002  0.23893080665168467     
   3.0774076992107333E-007   7.7805608080550870E-002  0.23652926898827420     
   3.2597555692782383E-007   7.5143714348154936E-002  0.23432761219252274     
   3.4529082299253871E-007   7.2517485250870484E-002  0.23230915687052489     
   3.6575059052437880E-007   6.9934539821270361E-002  0.23045785355582174     
   3.8742267549874134E-007   6.7401361723025577E-002  0.22875845181469617     
   4.1037891224019369E-007   6.4923387440551650E-002  0.22719661605807159     
   4.3469539152462881E-007   6.2505091812290844E-002  0.22575899601689348     
   4.6045271278986300E-007   6.0150070381490589E-002  0.22443325983972226     
   4.8773625129065110E-007   5.7861118351317353E-002  0.22320809736612934     
   5.1663644108362831E-007   5.5640306103438113E-002  0.22207320044581477     
   5.4724907478017013E-007   5.3489051317582255E-002  0.22101922632763293     
   5.7967562106071988E-007   5.1408187750419478E-002  0.22003774922582245     
   6.1402356100302580E-007   4.9398030721862475E-002  0.21912120425729875     
   6.5040674433908005E-007   4.7458439330360265E-002  0.21826282708328187     
   6.8894576682160288E-007   4.5588875387201751E-002  0.21745659181749891     
   7.2976836995090652E-007   4.3788459029219656E-002  0.21669714909750759     
   7.7300986438705546E-007   4.2056020943753464E-002  0.21597976566454286     
   8.1881357845077920E-007   4.0390151121714478E-002  0.21530026635507682     
   8.6733133319973491E-007   3.8789244045814644E-002  0.21465497906882230     
   9.1872394565480351E-007   3.7251540223813127E-002  0.21404068302628521     
   9.7316176184442742E-007   3.5775163989696789E-002  0.21345456045368938     
   1.0308252214338029E-006   3.4358157520476072E-002  0.21289415171529077     
   1.0919054558104592E-006   3.2998511050889162E-002  0.21235731384195519     
   1.1566049216086358E-006   3.1694189310651426E-002  0.21184218236399860     
   1.2251380717723332E-006   3.0443154257139143E-002  0.21134713633793567     
   1.2977320663813645E-006   2.9243384226984661E-002  0.21087076645018232     
   1.3746275255964808E-006   2.8092889679899664E-002  0.21041184607934130     
   1.4560793272193110E-006   2.6989725754461975E-002  0.20996930519993948     
   1.5423574515106969E-006   2.5932001895196212E-002  0.20954220700818371     
   1.6337478760676550E-006   2.4917888841550290E-002  0.20912972714698932     
   1.7305535237251469E-006   2.3945623290518449E-002  0.20873113540013410     
   1.8330952666245454E-006   2.3013510555019320E-002  0.20834577971635629     
   1.9417129897769058E-006   2.2119925539958889E-002  0.20797307241367041     
   2.0567667176463181E-006   2.1263312348107397E-002  0.20761247840476205     
   2.1786378074875278E-006   2.0442182809386929E-002  0.20726350527507700     
   2.3077302133932450E-006   1.9655114202296414E-002  0.20692569503998615     
   2.4444718252409739E-006   1.8900746406550619E-002  0.20659861740413601     
   2.5893158869774292E-006   1.8177778693477288E-002  0.20628186434727938     
   2.7427424989415773E-006   1.7484966327613306E-002  0.20597504586495452     
   2.9052602092059327E-006   1.6821117120226509E-002  0.20567778669952960     
   3.0774076992107334E-006   1.6185088044879364E-002  0.20538972390789098     
   3.2597555692782382E-006   1.5575781997412408E-002  0.20511050512317139     
   3.4529082299253887E-006   1.4992144758083869E-002  0.20483978738187533     
   3.6575059052437865E-006   1.4433162193040932E-002  0.20457723640162268     
   3.8742267549874138E-006   1.3897857714803232E-002  0.20432252620849314     
   4.1037891224019372E-006   1.3385290007890386E-002  0.20407533902730868     
   4.3469539152462874E-006   1.2894551014834995E-002  0.20383536536067209     
   4.6045271278986329E-006   1.2424764170063241E-002  0.20360230419525754     
   4.8773625129065095E-006   1.1975082863410175E-002  0.20337586328438789     
   5.1663644108362837E-006   1.1544689111573029E-002  0.20315575946672423     
   5.4724907478017016E-006   1.1132792413696050E-002  0.20294171898875021     
   5.7967562106071984E-006   1.0738628766634286E-002  0.20273347780726556     
   6.1402356100302623E-006   1.0361459815751211E-002  0.20253078185423642     
   6.5040674433907963E-006   1.0000572118176501E-002  0.20233338725238081     
   6.8894576682160290E-006   9.6552764969887322E-003  0.20214106047420546     
   7.2976836995090650E-006   9.3249074668635568E-003  0.20195357844130898     
   7.7300986438705552E-006   9.0088227138317521E-003  0.20177072856380962     
   8.1881357845077969E-006   8.7064026141651391E-003  0.20159230872223000     
   8.6733133319973447E-006   8.4170497795873784E-003  0.20141812719573005     
   9.1872394565480336E-006   8.1401886182983496E-003  0.20124800254230671     
   9.7316176184442725E-006   7.8752649033025143E-003  0.20108176343709785     
   1.0308252214338031E-005   7.6217453414272147E-003  0.20091924847550949     
   1.0919054558104601E-005   7.3791171380578769E-003  0.20076030594837338     
   1.1566049216086351E-005   7.1468875541418914E-003  0.20060479359607189     
   1.2251380717723333E-005   6.9245834531171070E-003  0.20045257834852090     
   1.2977320663813644E-005   6.7117508366394234E-003  0.20030353605790630     
   1.3746275255964806E-005   6.5079543686581368E-003  0.20015755123034956     
   1.4560793272193116E-005   6.3127768881800642E-003  0.20001451676277962     
   1.5423574515106961E-005   6.1258189115471241E-003  0.19987433369068758     
   1.6337478760676553E-005   5.9466981254922176E-003  0.19973691095225357     
   1.7305535237251470E-005   5.7750488724744456E-003  0.19960216517411122     
   1.8330952666245457E-005   5.6105216301250947E-003  0.19947002048354473     
   1.9417129897769059E-005   5.4527824866558083E-003  0.19934040835215336     
   2.0567667176463180E-005   5.3015126142544706E-003  0.19921326747525514     
   2.1786378074875278E-005   5.1564077424503547E-003  0.19908854369216933     
   2.3077302133932445E-005   5.0171776335123982E-003  0.19896618995128440     
   2.4444718252409746E-005   4.8835455617421098E-003  0.19884616632517813     
   2.5893158869774294E-005   4.7552477985984762E-003  0.19872844008013663     
   2.7427424989415770E-005   4.6320331053663023E-003  0.19861298580536493     
   2.9052602092059321E-005   4.5136622349845274E-003  0.19849978560718309     
   3.0774076992107331E-005   4.3999074444868265E-003  0.19838882937392083     
   3.2597555692782391E-005   4.2905520193488962E-003  0.19828011511808302     
   3.4529082299253886E-005   4.1853898108622362E-003  0.19817364940267604     
   3.6575059052437861E-005   4.0842247874714951E-003  0.19806944785953765     
   3.8742267549874124E-005   3.9868706008905656E-003  0.19796753580880036     
   4.1037891224019368E-005   3.8931501675767959E-003  0.19786794898912644     
   4.3469539152462896E-005   3.8028952660939205E-003  0.19777073441032106     
   4.6045271278986332E-005   3.7159461506915369E-003  0.19767595134092592     
   4.8773625129065085E-005   3.6321511813649748E-003  0.19758367244554259     
   5.1663644108362827E-005   3.5513664705403561E-003  0.19749398508835003     
   5.4724907478017014E-005   3.4734555464746492E-003  0.19740699282146293     
   5.7967562106071998E-005   3.3982890333933125E-003  0.19732281707968222     
   6.1402356100302612E-005   3.3257443483635683E-003  0.19724159910567760     
   6.5040674433907973E-005   3.2557054148641862E-003  0.19716350213309577     
   6.8894576682160271E-005   3.1880623930262524E-003  0.19708871385893820     
   7.2976836995090655E-005   3.1227114265210652E-003  0.19701744924050213     
   7.7300986438705562E-005   3.0595544060921286E-003  0.19694995365738252     
   8.1881357845077949E-005   2.9984987497806599E-003  0.19688650648425446     
   8.6733133319973453E-005   2.9394571999329612E-003  0.19682742512673376     
   9.1872394565480309E-005   2.8823476371616606E-003  0.19677306957985802     
   9.7316176184442742E-005   2.8270929114890282E-003  0.19672384757701497     
   1.0308252214338033E-004   2.7736206910394449E-003  0.19668022040707070     
   1.0919054558104599E-004   2.7218633287247186E-003  0.19664270948861159     
   1.1566049216086351E-004   2.6717577475283156E-003  0.19661190380319368     
   1.2251380717723327E-004   2.6232453451561222E-003  0.19658846830497678     
   1.2977320663813644E-004   2.5762719189957556E-003  0.19657315344186288     
   1.3746275255964810E-004   2.5307876125847408E-003  0.19656680594435541     
   1.4560793272193115E-004   2.4867468850169076E-003  0.19657038106292751     
   1.5423574515106963E-004   2.4441085050750343E-003  0.19658495646447455     
   1.6337478760676546E-004   2.4028355722306789E-003  0.19661174803297837     
   1.7305535237251466E-004   2.3628955671346520E-003  0.19665212786129574     
