   6.9046896100609722E+024   6970000.0000000000       0.29067971168298001     
   0.000000000000000000000   0.000000000000000000000  0.65325241183642990
   1.0308252214338041E-013   2.5260009639887671E-002  0.65325241183642990     
   1.0919054558104616E-013   2.5971186848386091E-002  0.65258560344558347     
   1.1566049216086335E-013   2.6727080875392044E-002  0.65188873181723839     
   1.2251380717723322E-013   2.7519863488008590E-002  0.65115970011180035     
   1.2977320663813645E-013   2.8355680498486999E-002  0.65039417468713268     
   1.3746275255964820E-013   2.9229792314476082E-002  0.64959036921276136     
   1.4560793272193139E-013   3.0144930437071855E-002  0.64874357337331523     
   1.5423574515106935E-013   3.1096990800085812E-002  0.64785097167866190     
   1.6337478760676535E-013   3.2087023529447908E-002  0.64690988442071395     
   1.7305535237251469E-013   3.3112315845873430E-002  0.64591744430286535     
   1.8330952666245472E-013   3.4171884322934165E-002  0.64487034017228384     
   1.9417129897769086E-013   3.5264040664061351E-002  0.64376612547778311     
   2.0567667176463148E-013   3.6386960702043225E-002  0.64260269136919401     
   2.1786378074875261E-013   3.7538423323229791E-002  0.64137723615808329     
   2.3077302133932448E-013   3.8717142257746563E-002  0.64008806297037568     
   2.4444718252409763E-013   3.9920258885029584E-002  0.63873273976965494     
   2.5893158869774334E-013   4.1146135293305026E-002  0.63730973367709565     
   2.7427424989415731E-013   4.2392697032558435E-002  0.63581697630402312     
   2.9052602092059301E-013   4.3657742746025290E-002  0.63425277811385317     
   3.0774076992107333E-013   4.4939204333209082E-002  0.63261542997168563     
   3.2597555692782418E-013   4.6235004339240923E-002  0.63090307083998620     
   3.4529082299253944E-013   4.7542902382763305E-002  0.62911387354215398     
   3.6575059052437807E-013   4.8860648804272350E-002  0.62724589933134522     
   3.8742267549874100E-013   5.0185660294059083E-002  0.62529707932983136     
   4.1037891224019369E-013   5.1515198705178601E-002  0.62326531246871797     
   4.3469539152462927E-013   5.2846180132249468E-002  0.62114836385134164     
   4.6045271278986397E-013   5.4175092980339602E-002  0.61894406068530028     
   4.8773625129065011E-013   5.5498013387101183E-002  0.61665021106476248     
   5.1663644108362790E-013   5.6810303730507175E-002  0.61426487079615499     
   5.4724907478017018E-013   5.8106864726153382E-002  0.61178629595324274     
   5.7967562106072046E-013   5.9382028350654197E-002  0.60921316246569168     
   6.1402356100302703E-013   6.0629343397143647E-002  0.60654468071297640     
   6.5040674433907870E-013   6.1841843286683629E-002  0.60378077727789825     
   6.8894576682160217E-013   6.3011985828193520E-002  0.60092219890771614     
   7.2976836995090651E-013   6.4131780023513427E-002  0.59797067371839763     
   7.7300986438705624E-013   6.5192845914650105E-002  0.59492901630021955     
   8.1881357845078089E-013   6.6186602287739441E-002  0.59180124713553039     
   8.6733133319973302E-013   6.7104412673135660E-002  0.58859262140923874     
   9.1872394565480248E-013   6.7937807088323088E-002  0.58530968064071121     
   9.7316176184442713E-013   6.8678617746440448E-002  0.58196022049949303     
   1.0308252214338041E-012   6.9319213704731653E-002  0.57855324406191178     
   1.0919054558104615E-012   6.9852713440054032E-002  0.57509883369639547     
   1.1566049216086334E-012   7.0273118414981142E-002  0.57160802212324247     
   1.2251380717723318E-012   7.0575523327041478E-002  0.56809260768246506     
   1.2977320663813644E-012   7.0756216855941606E-002  0.56456492440076211     
   1.3746275255964824E-012   7.0812789769982315E-002  0.56103763335926493     
   1.4560793272193139E-012   7.0744193372907327E-002  0.55752346167405009     
   1.5423574515106938E-012   7.0550767360519434E-002  0.55403495757547672     
   1.6337478760676533E-012   7.0234206392081999E-002  0.55058427163609380     
   1.7305535237251468E-012   6.9797513403015446E-002  0.54718293468672197     
   1.8330952666245471E-012   6.9244907303365522E-002  0.54384166246736076     
   1.9417129897769046E-012   6.8581705382297659E-002  0.54057021253127457     
   2.0567667176463192E-012   6.7814184007518458E-002  0.53737725347272625     
   2.1786378074875259E-012   6.6949424360450510E-002  0.53427029539094462     
   2.3077302133932448E-012   6.5995148022449351E-002  0.53125563247418273     
   2.4444718252409768E-012   6.4959556899253340E-002  0.52833834224899034     
   2.5893158869774276E-012   6.3851168095537522E-002  0.52552229650712934     
   2.7427424989415787E-012   6.2678659562693417E-002  0.52281021819433982     
   2.9052602092059299E-012   6.1450735545614102E-002  0.52020374216065557     
   3.0774076992107334E-012   6.0175991204563961E-002  0.51770350220783057     
   3.2597555692782412E-012   5.8862810299423148E-002  0.51530922900612186     
   3.4529082299253870E-012   5.7519266574964867E-002  0.51301985004706108     
   3.6575059052437878E-012   5.6153050139586165E-002  0.51083359721887744     
   3.8742267549874103E-012   5.4771408116030568E-002  0.50874811174749401     
   4.1037891224019377E-012   5.3381099136886719E-002  0.50676054437695794     
   4.3469539152462926E-012   5.1988366984309607E-002  0.50486764945016083     
   4.6045271278986298E-012   5.0598922292324468E-002  0.50306587844438433     
   4.8773625129065108E-012   4.9217938299155863E-002  0.50135145596136899     
   5.1663644108362784E-012   4.7850054257805745E-002  0.49972045273064974     
   5.4724907478017028E-012   4.6499389199313505E-002  0.49816885013231110     
   5.7967562106072046E-012   4.5169559181580506E-002  0.49669259305063373     
   6.1402356100302592E-012   4.3863701629537115E-002  0.49528763783290763     
   6.5040674433907994E-012   4.2584502257934725E-002  0.49394998941101848     
   6.8894576682160215E-012   4.1334225093370647E-002  0.49267573410602916     
   7.2976836995090657E-012   4.0114743038472844E-002  0.49146106433485387     
   7.7300986438705634E-012   3.8927570403003091E-002  0.49030229797813923     
   8.1881357845077919E-012   3.7773894236137390E-002  0.48919589306173689     
   8.6733133319973500E-012   3.6654605499799126E-002  0.48813845771012271     
   9.1872394565480252E-012   3.5570329719028355E-002  0.48712675664207072     
   9.7316176184442745E-012   3.4521454809978348E-002  0.48615771428184090     
   1.0308252214338042E-011   3.3508159007924102E-002  0.48522841540440248     
   1.0919054558104596E-011   3.2530435612050990E-002  0.48433610346478650     
   1.1566049216086357E-011   3.1588116487566931E-002  0.48347817736829707     
   1.2251380717723319E-011   3.0680893080564181E-002  0.48265218698513329     
   1.2977320663813643E-011   2.9808335889214766E-002  0.48185582774424757     
   1.3746275255964820E-011   2.8969912032005933E-002  0.48108693385651258     
   1.4560793272193110E-011   2.8165000090380771E-002  0.48034347205390976     
   1.5423574515106970E-011   2.7392904214940342E-002  0.47962353441422551     
   1.6337478760676535E-011   2.6652865795573487E-002  0.47892533134987181     
   1.7305535237251469E-011   2.5944073347535075E-002  0.47824718501062918     
   1.8330952666245470E-011   2.5265672000793223E-002  0.47758752249310715     
   1.9417129897769049E-011   2.4616770213614723E-002  0.47694486965131233     
   2.0567667176463190E-011   2.3996446026741267E-002  0.47631784569662949     
   2.1786378074875261E-011   2.3403752795006623E-002  0.47570515778559691     
   2.3077302133932451E-011   2.2837722652646546E-002  0.47510559678666042     
   2.4444718252409764E-011   2.2297370337496021E-002  0.47451803362830502     
   2.5893158869774276E-011   2.1781696306772326E-002  0.47394141623981972     
   2.7427424989415784E-011   2.1289689114771183E-002  0.47337476725017114     
   2.9052602092059298E-011   2.0820327950695786E-002  0.47281718260563482     
   3.0774076992107335E-011   2.0372585002685760E-002  0.47226783049914578     
   3.2597555692782420E-011   1.9945428066026005E-002  0.47172595113827187     
   3.4529082299253870E-011   1.9537823544053864E-002  0.47119085681569328     
   3.6575059052437883E-011   1.9148739630298582E-002  0.47066193220806579     
   3.8742267549874099E-011   1.8777150332418616E-002  0.47013863496353042     
   4.1037891224019372E-011   1.8422039848784880E-002  0.46962049596867966     
   4.3469539152462924E-011   1.8082407648887314E-002  0.46910711950065836     
   4.6045271278986303E-011   1.7757273904896446E-002  0.46859818287096527     
   4.8773625129065116E-011   1.7445685640219050E-002  0.46809343533048348     
   5.1663644108362789E-011   1.7146722670922775E-002  0.46759269633092837     
   5.4724907478017021E-011   1.6859504149066170E-002  0.46709585279417049     
   5.7967562106072048E-011   1.6583194567133384E-002  0.46660285558634718     
   6.1402356100302595E-011   1.6317009673178812E-002  0.46611371499352200     
   6.5040674433907998E-011   1.6060221888112930E-002  0.46562849544018159     
   6.8894576682160224E-011   1.5812164888477347E-002  0.46514730943552846     
   7.2976836995090650E-011   1.5572237493181922E-002  0.46467031096946437     
   7.7300986438705624E-011   1.5339906676230922E-002  0.46419768845350207     
   8.1881357845077913E-011   1.5114709448610857E-002  0.46372965743244371     
   8.6733133319973494E-011   1.4896253926209210E-002  0.46326645319211857     
   9.1872394565480235E-011   1.4684219269682251E-002  0.46280832348205542     
   9.7316176184442738E-011   1.4478354798245614E-002  0.46235552146462466     
   1.0308252214338043E-010   1.4278478164540413E-002  0.46190829905001768     
   1.0919054558104594E-010   1.4084472751200713E-002  0.46146690075676550     
   1.1566049216086358E-010   1.3896284378735347E-002  0.46103155815904950     
   1.2251380717723320E-010   1.3713917555483360E-002  0.46060248502240003     
   1.2977320663813646E-010   1.3537431150894659E-002  0.46017987321188364     
   1.3746275255964819E-010   1.3366933884043282E-002  0.45976388934939827     
   1.4560793272193108E-010   1.3202579613435362E-002  0.45935467227450288     
   1.5423574515106970E-010   1.3044562623662692E-002  0.45895233127157864     
   1.6337478760676534E-010   1.2893113002719768E-002  0.45855694503542765     
   1.7305535237251471E-010   1.2748492230727422E-002  0.45816856131818839     
   1.8330952666245474E-010   1.2610989113900236E-002  0.45778719718340732     
   1.9417129897769049E-010   1.2480916074082757E-002  0.45741283978656844     
   2.0567667176463193E-010   1.2358605918077338E-002  0.45704544759241356     
   2.1786378074875259E-010   1.2244409121440113E-002  0.45668495193087183     
   2.3077302133932448E-010   1.2138691609990310E-002  0.45633125880034014     
   2.4444718252409766E-010   1.2041833115605631E-002  0.45598425081899335     
   2.5893158869774284E-010   1.1954226027391615E-002  0.45564378925502885     
   2.7427424989415788E-010   1.1876274784258498E-002  0.45530971603717307     
   2.9052602092059301E-010   1.1808395740363848E-002  0.45498185569249627     
   3.0774076992107330E-010   1.1751017498754568E-002  0.45466001714305121     
   3.2597555692782413E-010   1.1704581631653678E-002  0.45434399531850012     
   3.4529082299253875E-010   1.1669543802536778E-002  0.45403357253685378     
   3.6575059052437884E-010   1.1646375189274661E-002  0.45372851962830446     
   3.8742267549874102E-010   1.1635564223297071E-002  0.45342859676742514     
   4.1037891224019373E-010   1.1637618546859929E-002  0.45313355400936961     
   4.3469539152462921E-010   1.1653067198315310E-002  0.45284313150159494     
   4.6045271278986304E-010   1.1682462976171926E-002  0.45255705936697860     
   4.8773625129065111E-010   1.1726384930884851E-002  0.45227505725465167     
   5.1663644108362775E-010   1.1785441005440071E-002  0.45199683353994974     
   5.4724907478017020E-010   1.1860270741597278E-002  0.45172208418019227     
   5.7967562106072052E-010   1.1951548088296793E-002  0.45145049120568886     
   6.1402356100302593E-010   1.2059984256258880E-002  0.45118172084513058     
   6.5040674433908001E-010   1.2186330624077856E-002  0.45091542126531409     
   6.8894576682160219E-010   1.2331381672369596E-002  0.45065121991548224     
   7.2976836995090655E-010   1.2495977930537099E-002  0.45038872045149247     
   7.7300986438705619E-010   1.2681008936169759E-002  0.45012749921657236     
   8.1881357845077923E-010   1.2887416179631040E-002  0.44986710124907331     
   8.6733133319973486E-010   1.3116196011041583E-002  0.44960703578334321     
   9.1872394565480238E-010   1.3368402523056154E-002  0.44934677120018418     
   9.7316176184442723E-010   1.3645150328234526E-002  0.44908572938469854     
   1.0308252214338041E-009   1.3947617267777464E-002  0.44882327943522760     
   1.0919054558104593E-009   1.4277046962693675E-002  0.44855873066775515     
   1.1566049216086354E-009   1.4634751185005297E-002  0.44829132485048795     
   1.2251380717723319E-009   1.5022112009784344E-002  0.44802022759680560     
   1.2977320663813643E-009   1.5440583640250057E-002  0.44774451884447686     
   1.3746275255964821E-009   1.5891693878601294E-002  0.44746318233523613     
   1.4560793272193109E-009   1.6377045099625700E-002  0.44717509401471384     
   1.5423574515106970E-009   1.6898314649858626E-002  0.44687900926225854     
   1.6337478760676534E-009   1.7457254512380324E-002  0.44657354886169864     
   1.7305535237251468E-009   1.8055690088954648E-002  0.44625718362727007     
   1.8330952666245471E-009   1.8695517907535968E-002  0.44592821760043577     
   1.9417129897769046E-009   1.9378702028025725E-002  0.44558476974469630     
   2.0567667176463192E-009   2.0107268899674256E-002  0.44522475407709156     
   2.1786378074875260E-009   2.0883300356627256E-002  0.44484585819948347     
   2.3077302133932452E-009   2.1708924423766991E-002  0.44444552021899320     
   2.4444718252409764E-009   2.2586303524398998E-002  0.44402090409202938     
   2.5893158869774279E-009   2.3517619653139976E-002  0.44356887347639373     
   2.7427424989415785E-009   2.4505056010865858E-002  0.44308596425043195     
   2.9052602092059296E-009   2.5550774539716544E-002  0.44256835594694782     
   3.0774076992107333E-009   2.6656888750712402E-002  0.44201184246409669     
   3.2597555692782413E-009   2.7825431170526372E-002  0.44141180255787094     
   3.4529082299253875E-009   2.9058314709798604E-002  0.44076317079322896     
   3.6575059052437879E-009   3.0357287207983124E-002  0.44006040984059680     
   3.8742267549874094E-009   3.1723878423248274E-002  0.43929748525146139     
   4.1037891224019366E-009   3.3159338746501607E-002  0.43846784413649997     
   4.3469539152462921E-009   3.4664569004572508E-002  0.43756439949802262     
   4.6045271278986302E-009   3.6240040841792706E-002  0.43657952233810671     
   4.8773625129065117E-009   3.7885707374883795E-002  0.43550504406172030     
   5.1663644108362779E-009   3.9600904128824624E-002  0.43433227210997138     
   5.4724907478017016E-009   4.1384240671523763E-002  0.43305202216978339     
   5.7967562106072048E-009   4.3233483926106736E-002  0.43165467068024260     
   6.1402356100302587E-009   4.5145434843088098E-002  0.43013023164868930     
   6.5040674433907995E-009   4.7115800987467316E-002  0.42846846194296478     
   6.8894576682160217E-009   4.9139068626315410E-002  0.42665899916632105     
   7.2976836995090645E-009   5.1208379078485772E-002  0.42469153586232061     
   7.7300986438705631E-009   5.3315415369675156E-002  0.42255603304454054     
   8.1881357845077927E-009   5.5450306551243111E-002  0.42024297479620287     
   8.6733133319973494E-009   5.7601558271583572E-002  0.41774366385808320     
   9.1872394565480238E-009   5.9756019217580142E-002  0.41505055564623922     
   9.7316176184442727E-009   6.1898893642560647E-002  0.41215762501748648     
   1.0308252214338041E-008   6.4013810198636903E-002  0.40906075637671535     
   1.0919054558104593E-008   6.6082956434963286E-002  0.40575814357852907     
   1.1566049216086357E-008   6.8087286442263459E-002  0.40225068178809609     
   1.2251380717723320E-008   7.0006806042339276E-002  0.39854232946513274     
   1.2977320663813645E-008   7.1820935656821475E-002  0.39464041544177325     
   1.3746275255964821E-008   7.3508945621738195E-002  0.39055586430444983     
   1.4560793272193109E-008   7.5050452612699006E-002  0.38630331356423331     
   1.5423574515106970E-008   7.6425959503039043E-002  0.38190109892537188     
   1.6337478760676535E-008   7.7617415105290910E-002  0.37737108962574284     
   1.7305535237251470E-008   7.8608765636512340E-002  0.37273836427204560     
   1.8330952666245453E-008   7.9386467177898920E-002  0.36803072835596851     
   1.9417129897769045E-008   7.9939928469542731E-002  0.36327808680876489     
   2.0567667176463190E-008   8.0261856407616072E-002  0.35851169725778570     
   2.1786378074875283E-008   8.0348482485474493E-002  0.35376334061375458     
   2.3077302133932452E-008   8.0199656606549291E-002  0.34906445379386530     
   2.4444718252409741E-008   7.9818804284117945E-002  0.34444527361093247     
   2.5893158869774279E-008   7.9212753093056601E-002  0.33993404046931575     
   2.7427424989415785E-008   7.8391443170839681E-002  0.33555630549509835     
   2.9052602092059327E-008   7.7367543599419802E-002  0.33133437572417768     
   3.0774076992107337E-008   7.6156000972531224E-002  0.32728692015856015     
   3.2597555692782383E-008   7.4773548143508797E-002  0.32342874637739760     
   3.4529082299253872E-008   7.3238200245705598E-002  0.31977074451876791     
   3.6575059052437881E-008   7.1568762083687551E-002  0.31631998420288998     
   3.8742267549874142E-008   6.9784366609437667E-002  0.31307994134530215     
   4.1037891224019371E-008   6.7904059142392489E-002  0.31005082633452091     
   4.3469539152462887E-008   6.5946436908777772E-002  0.30722998278016472     
   4.6045271278986299E-008   6.3929348837074740E-002  0.30461232663432403     
   4.8773625129065110E-008   6.1869656648706209E-002  0.30219079834930590     
   5.1663644108362835E-008   5.9783055240547681E-002  0.29995680512219652     
   5.4724907478017017E-008   5.7683948163289429E-002  0.29790063545563811     
   5.7967562106071983E-008   5.5585372567836126E-002  0.29601183358757294     
   6.1402356100302588E-008   5.3498967187012636E-002  0.29427952631104315     
   6.5040674433908008E-008   5.1434976612395975E-002  0.29269269898749417     
   6.8894576682160293E-008   4.9402285185502437E-002  0.29124042097824848     
   7.2976836995090660E-008   4.7408474148283038E-002  0.28991202324064486     
   7.7300986438705548E-008   4.5459896202891648E-002  0.28869723251079743     
   8.1881357845077931E-008   4.3561762248736854E-002  0.28758626744287480     
   8.6733133319973478E-008   4.1718235744231190E-002  0.28656990243862129     
   9.1872394565480351E-008   3.9932530839475393E-002  0.28563950483173434     
   9.7316176184442734E-008   3.8207011112068860E-002  0.28478705072694621     
   1.0308252214338029E-007   3.6543286388127226E-002  0.28400512425016683     
   1.0919054558104595E-007   3.4942305726064132E-002  0.28328690433578302     
   1.1566049216086356E-007   3.3404445169099614E-002  0.28262614252780716     
   1.2251380717723333E-007   3.1929589330905804E-002  0.28201713464799699     
   1.2977320663813642E-007   3.0517206261499140E-002  0.28145468861565853     
   1.3746275255964808E-007   2.9166415354262738E-002  0.28093409020392263     
   1.4560793272193109E-007   2.7876048299632143E-002  0.28045106809081266     
   1.5423574515106968E-007   2.6644703278485771E-002  0.28000175920935139     
   1.6337478760676550E-007   2.5470792721397927E-002  0.27958267511281437     
   1.7305535237251470E-007   2.4352585050489189E-002  0.27919066984183122     
   1.8330952666245453E-007   2.3288240873901252E-002  0.27882290960144790     
   1.9417129897769050E-007   2.2275844127835290E-002  0.27847684441967302     
   2.0567667176463191E-007   2.1313428663571103E-002  0.27815018185788820     
   2.1786378074875282E-007   2.0399000762943445E-002  0.27784086277032805     
   2.3077302133932446E-007   1.9530558040715858E-002  0.27754703905973632     
   2.4444718252409739E-007   1.8706105160132283E-002  0.27726705334403617     
   2.5893158869774280E-007   1.7923666752292931E-002  0.27699942043023890     
   2.7427424989415783E-007   1.7181297893712127E-002  0.27674281048389920     
   2.9052602092059327E-007   1.6477092461558308E-002  0.27649603378152060     
   3.0774076992107333E-007   1.5809189654150700E-002  0.27625802693745660     
   3.2597555692782383E-007   1.5175778936125737E-002  0.27602784050345491     
   3.4529082299253871E-007   1.4575103643397083E-002  0.27580462784594945     
   3.6575059052437880E-007   1.4005463462783871E-002  0.27558763521325497     
   3.8742267549874134E-007   1.3465215983884450E-002  0.27537619290862131     
   4.1037891224019369E-007   1.2952777505507699E-002  0.27516970748755909     
   4.3469539152462881E-007   1.2466623264987292E-002  0.27496765489663894     
   4.6045271278986300E-007   1.2005287244191889E-002  0.27476957446799100     
   4.8773625129065110E-007   1.1567361690664097E-002  0.27457506367843748     
   5.1663644108362831E-007   1.1151496474787952E-002  0.27438377357609189     
   5.4724907478017013E-007   1.0756398384339651E-002  0.27419540477247006     
   5.7967562106071988E-007   1.0380830435937708E-002  0.27400970389333701     
   6.1402356100302580E-007   1.0023611259521854E-002  0.27382646038125696     
   6.5040674433908005E-007   9.6836145878294796E-003  0.27364550354485773     
   6.8894576682160288E-007   9.3597688592343253E-003  0.27346669975664090     
   7.2976836995090652E-007   9.0510569202443582E-003  0.27328994971205373     
   7.7300986438705546E-007   8.7565157950161999E-003  0.27311518567726500     
   8.1881357845077920E-007   8.4752364743091897E-003  0.27294236867111915     
   8.6733133319973491E-007   8.2063636663000494E-003  0.27277148554660802     
   9.1872394565480351E-007   7.9490954471202000E-003  0.27260254595809214     
   9.7316176184442742E-007   7.7026827496155205E-003  0.27243557922072686     
   1.0308252214338029E-006   7.4664286347638151E-003  0.27227063108696914     
   1.0919054558104592E-006   7.2396873002832391E-003  0.27210776048031882     
   1.1566049216086358E-006   7.0218627942169980E-003  0.27194703623820116     
   1.2251380717723332E-006   6.8124074169667991E-003  0.27178853392303243     
   1.2977320663813645E-006   6.6108198113491914E-003  0.27163233276305321     
   1.3746275255964808E-006   6.4166427562198014E-003  0.27147851278307272     
   1.4560793272193110E-006   6.2294606935125642E-003  0.27132715217960773     
   1.5423574515106969E-006   6.0488970305982047E-003  0.27117832498623262     
   1.6337478760676550E-006   5.8746112688823487E-003  0.27103209906423437     
   1.7305535237251469E-006   5.7062960153498573E-003  0.27088853444104655     
   1.8330952666245454E-006   5.5436739362370703E-003  0.27074768200683352     
   1.9417129897769058E-006   5.3864947113162337E-003  0.27060958256685913     
   2.0567667176463181E-006   5.2345320439444237E-003  0.27047426623643361     
   2.1786378074875278E-006   5.0875807763836618E-003  0.27034175215580936     
   2.3077302133932450E-006   4.9454541527273518E-003  0.27021204849453540     
   2.4444718252409739E-006   4.8079812634889809E-003  0.27008515270978128     
   2.5893158869774292E-006   4.6750046973066117E-003  0.26996105201948212     
   2.7427424989415773E-006   4.5463784165390075E-003  0.26983972404985990     
   2.9052602092059327E-006   4.4219658654861870E-003  0.26972113761743366     
   3.0774076992107334E-006   4.3016383125858712E-003  0.26960525360725179     
   3.2597555692782382E-006   4.1852734216636794E-003  0.26949202591218868     
   3.4529082299253887E-006   4.0727540421469643E-003  0.26938140240166836     
   3.6575059052437865E-006   3.9639672041033077E-003  0.26927332589291986     
   3.8742267549874138E-006   3.8588033011328219E-003  0.26916773510174663     
   4.1037891224019372E-006   3.7571554423056295E-003  0.26906456555478381     
   4.3469539152462874E-006   3.6589189534188024E-003  0.26896375044935894     
   4.6045271278986329E-006   3.5639910077967267E-003  0.26886522145083386     
   4.8773625129065095E-006   3.4722703673487226E-003  0.26876890942136988     
   5.1663644108362837E-006   3.3836572156760955E-003  0.26867474507661054     
   5.4724907478017016E-006   3.2980530663898095E-003  0.26858265956968552     
   5.7967562106071984E-006   3.2153607314342435E-003  0.26849258500406770     
   6.1402356100302623E-006   3.1354843359450105E-003  0.26840445487819964     
   6.5040674433907963E-006   3.0583293679478630E-003  0.26831820446628629     
   6.8894576682160290E-006   2.9838027529306534E-003  0.26823377114036445     
   7.2976836995090650E-006   2.9118129449356928E-003  0.26815109463921388     
   7.7300986438705552E-006   2.8422700273206610E-003  0.26807011729016517     
   8.1881357845077969E-006   2.7750858176494747E-003  0.26799078418963146     
   8.6733133319973447E-006   2.7101739723143187E-003  0.26791304334826732     
   9.1872394565480336E-006   2.6474500874794403E-003  0.26783684580644324     
   9.7316176184442725E-006   2.5868317937198250E-003  0.26776214572552703     
   1.0308252214338031E-005   2.5282388423855241E-003  0.26768890046003979     
   1.0919054558104601E-005   2.4715931822341980E-003  0.26761707061568085     
   1.1566049216086351E-005   2.4168190252848989E-003  0.26754662009791996     
   1.2251380717723333E-005   2.3638429011721674E-003  0.26747751615574228     
   1.2977320663813644E-005   2.3125936995336653E-003  0.26740972942491442     
   1.3746275255964806E-005   2.2630027001954022E-003  0.26734323397522985     
   1.4560793272193116E-005   2.2150035911244121E-003  0.26727800736609386     
   1.5423574515106961E-005   2.1685324742961934E-003  0.26721403071499084     
   1.6337478760676553E-005   2.1235278598353141E-003  0.26715128878311245     
   1.7305535237251470E-005   2.0799306489582346E-003  0.26708977008308249     
   1.8330952666245457E-005   2.0376841064232406E-003  0.26702946701339447     
   1.9417129897769059E-005   1.9967338234051137E-003  0.26697037602447504     
   2.0567667176463180E-005   1.9570276717684756E-003  0.26691249782154447     
   2.1786378074875278E-005   1.9185157509451468E-003  0.26685583760958836     
   2.3077302133932445E-005   1.8811503286178199E-003  0.26680040538610866     
   2.4444718252409746E-005   1.8448857764910413E-003  0.26674621628726997     
   2.5893158869774294E-005   1.8096785024286207E-003  0.26669329099428379     
   2.7427424989415770E-005   1.7754868801820370E-003  0.26664165620614444     
   2.9052602092059321E-005   1.7422711778987104E-003  0.26659134518680322     
   3.0774076992107331E-005   1.7099934864283409E-003  0.26654239839437560     
   3.2597555692782391E-005   1.6786176484044494E-003  0.26649486420170576     
   3.4529082299253886E-005   1.6481091888844721E-003  0.26644879971832430     
   3.6575059052437861E-005   1.6184352482210983E-003  0.26640427172497921     
   3.8742267549874124E-005   1.5895645177026185E-003  0.26636135773361375     
   4.1037891224019368E-005   1.5614671783733731E-003  0.26632014718715613     
   4.3469539152462896E-005   1.5341148433408746E-003  0.26628074281527564     
   4.6045271278986332E-005   1.5074805037841102E-003  0.26624326216470229     
   4.8773625129065085E-005   1.4815384788072405E-003  0.26620783932480102     
   5.1663644108362827E-005   1.4562643692150870E-003  0.26617462687212734     
   5.4724907478017014E-005   1.4316350152754642E-003  0.26614379806062888     
   5.7967562106071998E-005   1.4076284584834079E-003  0.26611554928780928     
   6.1402356100302612E-005   1.3842239073531513E-003  0.26609010287115248     
   6.5040674433907973E-005   1.3614017072628908E-003  0.26606771017362485     
   6.8894576682160271E-005   1.3391433143946369E-003  0.26604865512236142     
   7.2976836995090655E-005   1.3174312738353107E-003  0.26603325817036416     
   7.7300986438705562E-005   1.2962492019397919E-003  0.26602188075797134     
   8.1881357845077949E-005   1.2755817730968648E-003  0.26601493033843870     
   8.6733133319973453E-005   1.2554147110852439E-003  0.26601286604088964     
   9.1872394565480309E-005   1.2357347852613707E-003  0.26601620505392132     
   9.7316176184442742E-005   1.2165298118852203E-003  0.26602552982517369     
   1.0308252214338033E-004   1.1977886609531637E-003  0.26604149618530948     
   1.0919054558104599E-004   1.1795012689958806E-003  0.26606484252101820     
   1.1566049216086351E-004   1.1616586583816650E-003  0.26609640013958019     
   1.2251380717723327E-004   1.1442529637789287E-003  0.26613710498915688     
   1.2977320663813644E-004   1.1272774665502777E-003  0.26618801092390310     
   1.3746275255964810E-004   1.1107266379982125E-003  0.26625030473239308     
   1.4560793272193115E-004   1.0945961925553989E-003  0.26632532318281965     
   1.5423574515106963E-004   1.0788831522193080E-003  0.26641457237937433     
   1.6337478760676546E-004   1.0635859237773111E-003  0.26651974977356224     
   1.7305535237251466E-004   1.0487043906871321E-003  0.26664276923286212     
