   1.9749618734992656E+024   4924000.0000000000       0.30571364309347282     
   0.000000000000000000000   0.000000000000000000000  0.77513183269646446
   6.5040674433907865E-014   1.6872087818739792E-002  0.77513183269646446     
   6.8894576682160217E-014   1.7821526308035286E-002  0.77488861194805514     
   7.2976836995090651E-014   1.8857177850965162E-002  0.77466479548257206     
   7.7300986438705626E-014   1.9870967207998785E-002  0.77439561560562709     
   8.1881357845078089E-014   2.0994323871475418E-002  0.77410159687244195     
   8.6733133319973290E-014   2.2134417739328987E-002  0.77381568718260907     
   9.1872394565480238E-014   2.3359024941774054E-002  0.77344627503951902     
   9.7316176184442738E-014   2.4626343615805107E-002  0.77307867183765022     
   1.0308252214338041E-013   2.5969799066638384E-002  0.77269856621335364     
   1.0919054558104616E-013   2.7370585503689340E-002  0.77225324573089082     
   1.1566049216086335E-013   2.8837972574427041E-002  0.77178006615282713     
   1.2251380717723322E-013   3.0380129401771212E-002  0.77126111053581159     
   1.2977320663813645E-013   3.1995330707620978E-002  0.77069225650992246     
   1.3746275255964820E-013   3.3686612014064747E-002  0.77007962664127927     
   1.4560793272193139E-013   3.5456120121133472E-002  0.76940757390176162     
   1.5423574515106935E-013   3.7311155391818306E-002  0.76868288990683253     
   1.6337478760676535E-013   3.9252977517830891E-002  0.76789315074231201     
   1.7305535237251469E-013   4.1282630609411494E-002  0.76703403940002457     
   1.8330952666245472E-013   4.3409200653270655E-002  0.76610346439193888     
   1.9417129897769086E-013   4.5632390293299366E-002  0.76508871378936560     
   2.0567667176463148E-013   4.7955315079011768E-002  0.76398292387288724     
   2.1786378074875261E-013   5.0384428970899044E-002  0.76278235560421503     
   2.3077302133932448E-013   5.2919628043395395E-002  0.76147128385991336     
   2.4444718252409763E-013   5.5564484021807824E-002  0.76004252327421140     
   2.5893158869774334E-013   5.8321342625424127E-002  0.75848475185431363     
   2.7427424989415731E-013   6.1191253651261497E-002  0.75678475099555065     
   2.9052602092059301E-013   6.4174547153652547E-002  0.75492917635987422     
   3.0774076992107333E-013   6.7270349949828209E-002  0.75290391059157913     
   3.2597555692782418E-013   7.0476643689214413E-002  0.75069381322645246     
   3.4529082299253944E-013   7.3789897670342344E-002  0.74828305311199272     
   3.6575059052437807E-013   7.7205485087940937E-002  0.74565540140640985     
   3.8742267549874100E-013   8.0716221043965475E-002  0.74279380889582880     
   4.1037891224019369E-013   8.4313106245614555E-002  0.73968182786363790     
   4.3469539152462927E-013   8.7985271375276092E-002  0.73630283788957185     
   4.6045271278986397E-013   9.1719429383705406E-002  0.73264066515077675     
   4.8773625129065011E-013   9.5499337390347092E-002  0.72868012715829023     
   5.1663644108362790E-013   9.9307065701790542E-002  0.72440763326988189     
   5.4724907478017018E-013  0.10312176858810106       0.71981133487231497     
   5.7967562106072046E-013  0.10692002457961775       0.71488182671721445     
   6.1402356100302703E-013  0.11067636130377270       0.70961265680301355     
   6.5040674433907870E-013  0.11436327661035810       0.70400098563891544     
   6.8894576682160217E-013  0.11795137435719308       0.69804804432764522     
   7.2976836995090651E-013  0.12140996494245135       0.69175959300309053     
   7.7300986438705624E-013  0.12470770278226681       0.68514628129292832     
   8.1881357845078089E-013  0.12781303366680855       0.67822415005058101     
   8.6733133319973302E-013  0.13069489910655202       0.67101445751149924     
   9.1872394565480248E-013  0.13332355408222338       0.66354391092302112     
   9.7316176184442713E-013  0.13567129684652857       0.65584428613174672     
   1.0308252214338041E-012  0.13771319494632311       0.64795210081482613     
   1.0919054558104615E-012  0.13942778796433644       0.63990797533527111     
   1.1566049216086334E-012  0.14079764804236092       0.63175577350326440     
   1.2251380717723318E-012  0.14180997514508112       0.62354169595097564     
   1.2977320663813644E-012  0.14245677836950940       0.61531321826294794     
   1.3746275255964824E-012  0.14273521394781111       0.60711789492591306     
   1.4560793272193139E-012  0.14264742797416954       0.59900229207724842     
   1.5423574515106938E-012  0.14220051009469470       0.59101084397690173     
   1.6337478760676533E-012  0.14140608144316416       0.58318489949797514     
   1.7305535237251468E-012  0.14027990950048971       0.57556185051142250     
   1.8330952666245471E-012  0.13884132909475880       0.56817448745077881     
   1.9417129897769046E-012  0.13711264018102950       0.56105052227383800     
   2.0567667176463192E-012  0.13511844098403353       0.55421235244396039     
   2.1786378074875259E-012  0.13288498643464247       0.54767698504382778     
   2.3077302133932448E-012  0.13043957305064180       0.54145615531869984     
   2.4444718252409768E-012  0.12780991597491012       0.53555662282039418     
   2.5893158869774276E-012  0.12502365556217798       0.52998054495507363     
   2.7427424989415787E-012  0.12210788468780880       0.52472597801491305     
   2.9052602092059299E-012  0.11908876264610158       0.51978741473623291     
   3.0774076992107334E-012  0.11599121579567956       0.51515634334903071     
   3.2597555692782412E-012  0.11283868700102241       0.51082181845640307     
   3.4529082299253870E-012  0.10965297078244311       0.50677099391385716     
   3.6575059052437878E-012  0.10645408989796352       0.50298962863353103     
   3.8742267549874103E-012  0.10326024440626681       0.49946252859780538     
   4.1037891224019377E-012  0.10008778052462991       0.49617394900443934     
   4.3469539152462926E-012   9.6951216180382022E-002  0.49310791998104897     
   4.6045271278986298E-012   9.3863284355199209E-002  0.49024853115031397     
   4.8773625129065108E-012   9.0835004727643526E-002  0.48758014978052172     
   5.1663644108362784E-012   8.7875770210297022E-002  0.48508759664068946     
   5.4724907478017028E-012   8.4993445325812045E-002  0.48275627428687978     
   5.7967562106072046E-012   8.2194471896624793E-002  0.48057226047998181     
   6.1402356100302592E-012   7.9483981182112029E-002  0.47852237053000574     
   6.5040674433907994E-012   7.6865904101230884E-002  0.47659419065602848     
   6.8894576682160215E-012   7.4343082245397846E-002  0.47477609560598144     
   7.2976836995090657E-012   7.1917375445687770E-002  0.47305724926886378     
   7.7300986438705634E-012   6.9589764745853849E-002  0.47142759178932936     
   8.1881357845077919E-012   6.7360452315473732E-002  0.46987782206374068     
   8.6733133319973500E-012   6.5228954821103260E-002  0.46839937140306787     
   9.1872394565480252E-012   6.3194191613027820E-002  0.46698437501635998     
   9.7316176184442745E-012   6.1254569537088917E-002  0.46562564056201383     
   1.0308252214338042E-011   5.9408060510546944E-002  0.46431661509342992     
   1.0919054558104596E-011   5.7652275605820272E-002  0.46305134986638702     
   1.1566049216086357E-011   5.5984533848458869E-002  0.46182446553014317     
   1.2251380717723319E-011   5.4401925542324314E-002  0.46063111527227585     
   1.2977320663813643E-011   5.2901370517441433E-002  0.45946694681863715     
   1.3746275255964820E-011   5.1479670315865478E-002  0.45832806388318420     
   1.4560793272193110E-011   5.0133553988255128E-002  0.45721098688292866     
   1.5423574515106970E-011   4.8859716909256584E-002  0.45611261292668281     
   1.6337478760676535E-011   4.7654851926150654E-002  0.45503017698663911     
   1.7305535237251469E-011   4.6515673366361934E-002  0.45396121450892984     
   1.8330952666245470E-011   4.5438933141047674E-002  0.45290352636915426     
   1.9417129897769049E-011   4.4421430015270033E-002  0.45185514812336736     
   2.0567667176463190E-011   4.3460012691448238E-002  0.45081432408372807     
   2.1786378074875261E-011   4.2551578257972116E-002  0.44977948711761462     
   2.3077302133932451E-011   4.1693067155593816E-002  0.44874924513719211     
   2.4444718252409764E-011   4.0881456872533389E-002  0.44772237375319163     
   2.5893158869774276E-011   4.0113755954404640E-002  0.44669781524175400     
   2.7427424989415784E-011   3.9387000065196319E-002  0.44567468288111312     
   2.9052602092059298E-011   3.8698251839731364E-002  0.44465226938668151     
   3.0774076992107335E-011   3.8044605349044039E-002  0.44363005797576782     
   3.2597555692782420E-011   3.7423196267457846E-002  0.44260773425163658     
   3.4529082299253870E-011   3.6831217748193736E-002  0.44158519722936496     
   3.6575059052437883E-011   3.6265941850872618E-002  0.44056256744869110     
   3.8742267549874099E-011   3.5724745673009824E-002  0.43954019081151019     
   4.1037891224019372E-011   3.5205141136431285E-002  0.43851863675048497     
   4.3469539152462924E-011   3.4704806705882149E-002  0.43749868979211071     
   4.6045271278986303E-011   3.4221619404731438E-002  0.43648133419611090     
   4.8773625129065116E-011   3.3753685176221647E-002  0.43546773176998316     
   5.1663644108362789E-011   3.3299365877826947E-002  0.43445919354434992     
   5.4724907478017021E-011   3.2857301246455674E-002  0.43345714633501276     
   5.7967562106072048E-011   3.2426424736491252E-002  0.43246309578632369     
   6.1402356100302595E-011   3.2005972316455356E-002  0.43147858750753060     
   6.5040674433907998E-011   3.1595484044045698E-002  0.43050516811741651     
   6.8894576682160224E-011   3.1194798580166470E-002  0.42954434796226626     
   7.2976836995090650E-011   3.0804041322414391E-002  0.42859756688528472     
   7.7300986438705624E-011   3.0423607171391975E-002  0.42766616432344756     
   8.1881357845077913E-011   3.0054139204280583E-002  0.42675135444240675     
   8.6733133319973494E-011   2.9696504532254586E-002  0.42585420672166119     
   9.1872394565480235E-011   2.9351768832220401E-002  0.42497563195035543     
   9.7316176184442738E-011   2.9021170639385196E-002  0.42411637334927343     
   1.0308252214338043E-010   2.8706096566522479E-002  0.42327700218974906     
   1.0919054558104594E-010   2.8408058160202258E-002  0.42245791722639314     
   1.1566049216086358E-010   2.8128671038695961E-002  0.42165934711322495     
   1.2251380717723320E-010   2.7869636593457512E-002  0.42088135500951546     
   1.2977320663813646E-010   2.7632726411959907E-002  0.42012384462951369     
   1.3746275255964819E-010   2.7419769397473929E-002  0.41938656708960398     
   1.4560793272193108E-010   2.7232641453267960E-002  0.41866912798630157     
   1.5423574515106970E-010   2.7073257506577079E-002  0.41797099430231766     
   1.6337478760676534E-010   2.6943565670116253E-002  0.41729150077162858     
   1.7305535237251471E-010   2.6845543235705299E-002  0.41662985548284809     
   1.8330952666245474E-010   2.6781194340209497E-002  0.41598514451983404     
   1.9417129897769049E-010   2.6752548997739083E-002  0.41535633550434359     
   2.0567667176463193E-010   2.6761663367476759E-002  0.41474227993128276     
   2.1786378074875259E-010   2.6810621064916097E-002  0.41414171418435658     
   2.3077302133932448E-010   2.6901535331162098E-002  0.41355325914541535     
   2.4444718252409766E-010   2.7036551937358839E-002  0.41297541828869250     
   2.5893158869774284E-010   2.7217852653093431E-002  0.41240657414384252     
   2.7427424989415788E-010   2.7447659131062882E-002  0.41184498301379985     
   2.9052602092059301E-010   2.7728237021509138E-002  0.41128876781684648     
   3.0774076992107330E-010   2.8061900138124343E-002  0.41073590890926792     
   3.2597555692782413E-010   2.8451014465204226E-002  0.41018423276534499     
   3.4529082299253875E-010   2.8898001762649412E-002  0.40963139835991613     
   3.6575059052437884E-010   2.9405342502541006E-002  0.40907488112602863     
   3.8742267549874102E-010   2.9975577858360327E-002  0.40851195435596632     
   4.1037891224019373E-010   3.0611310393858317E-002  0.40793966792459158     
   4.3469539152462921E-010   3.1315203099605227E-002  0.40735482423029845     
   4.6045271278986304E-010   3.2089976348098334E-002  0.40675395127229552     
   4.8773625129065111E-010   3.2938402318504749E-002  0.40613327280550310     
   5.1663644108362775E-010   3.3863296358070186E-002  0.40548867556084939     
   5.4724907478017020E-010   3.4867504707131874E-002  0.40481567356645837     
   5.7967562106072052E-010   3.5953887938799375E-002  0.40410936967548555     
   6.1402356100302593E-010   3.7125299388103709E-002  0.40336441449483124     
   6.5040674433908001E-010   3.8384557776727647E-002  0.40257496303064016     
   6.8894576682160219E-010   3.9734413146502799E-002  0.40173462950888311     
   7.2976836995090655E-010   4.1177505176372531E-002  0.40083644101622329     
   7.7300986438705619E-010   4.2716312829698032E-002  0.39987279084604094     
   8.1881357845077923E-010   4.4353094297355775E-002  0.39883539270654977     
   8.6733133319973486E-010   4.6089816133722775E-002  0.39771523729654101     
   9.1872394565480238E-010   4.7928070518314596E-002  0.39650255315960142     
   9.7316176184442723E-010   4.9868979651626802E-002  0.39518677419846349     
   1.0308252214338041E-009   5.1913086446607443E-002  0.39375651677049150     
   1.0919054558104593E-009   5.4060230939789108E-002  0.39219956988839688     
   1.1566049216086354E-009   5.6309412236808028E-002  0.39050290269824500     
   1.2251380717723319E-009   5.8658636363137548E-002  0.38865269407882064     
   1.2977320663813643E-009   6.1104751144761965E-002  0.38663438987049176     
   1.3746275255964821E-009   6.3643270230080956E-002  0.38443279382623297     
   1.4560793272193109E-009   6.6268189586457027E-002  0.38203219882980133     
   1.5423574515106970E-009   6.8971801311452849E-002  0.37941656512082916     
   1.6337478760676534E-009   7.1744511337895181E-002  0.37656975210194810     
   1.7305535237251468E-009   7.4574669573334126E-002  0.37347580961602084     
   1.8330952666245471E-009   7.7448423082415355E-002  0.37011933322635604     
   1.9417129897769046E-009   8.0349604991476961E-002  0.36648588582931002     
   2.0567667176463192E-009   8.3259673606463830E-002  0.36256248475576131     
   2.1786378074875260E-009   8.6157717575144552E-002  0.35833814926434687     
   2.3077302133932452E-009   8.9020543390919180E-002  0.35380449801025093     
   2.4444718252409764E-009   9.1822860802049142E-002  0.34895637980975397     
   2.5893158869774279E-009   9.4537579345069886E-002  0.34379251412997425     
   2.7427424989415785E-009   9.7136224946767699E-002  0.33831611073530893     
   2.9052602092059296E-009   9.9589479182024307E-002  0.33253543155282811     
   3.0774076992107333E-009  0.10186783535697000       0.32646425301228604     
   3.2597555692782413E-009  0.10394235551058877       0.32012218489982297     
   3.4529082299253875E-009  0.10578550142457904       0.31353480314772836     
   3.6575059052437879E-009  0.10737200193148248       0.30673355974381367     
   3.8742267549874094E-009  0.10867970962311076       0.29975544344772320     
   4.1037891224019366E-009  0.10969039402265530       0.29264237998221582     
   4.3469539152462921E-009  0.11039041679274536       0.28544037884197399     
   4.6045271278986302E-009  0.11077123856976752       0.27819845411311855     
   4.8773625129065117E-009  0.11082971681820132       0.27096736646444819     
   5.1663644108362779E-009  0.11056816905614941       0.26379825025883163     
   5.4724907478017016E-009  0.10999419442653234       0.25674120122974164     
   5.7967562106072048E-009  0.10912026664626416       0.24984390470296086     
   6.1402356100302587E-009  0.10796313030097900       0.24315038119140056     
   6.5040674433907995E-009  0.10654304779898272       0.23669991577309496     
   6.8894576682160217E-009  0.10488295414714427       0.23052622142885859     
   7.2976836995090645E-009  0.10300758005546537       0.22465686669182472     
   7.7300986438705631E-009  0.10094260072516224       0.21911297709566582     
   8.1881357845077927E-009   9.8713859012831945E-002  0.21390920043071832     
   8.6733133319973494E-009   9.6346699154320606E-002  0.20905390964958609     
   9.1872394565480238E-009   9.3865432890482589E-002  0.20454960558907148     
   9.7316176184442727E-009   9.1292945626393410E-002  0.20039347489499512     
   1.0308252214338041E-008   8.8650437805861057E-002  0.19657805636055903     
   1.0919054558104593E-008   8.5957287083839554E-002  0.19309197054693053     
   1.1566049216086357E-008   8.3231010644724351E-002  0.18992067202651930     
   1.2251380717723320E-008   8.0487304114050542E-002  0.18704718981789911     
   1.2977320663813645E-008   7.7740133512056525E-002  0.18445282862708914     
   1.3746275255964821E-008   7.5001858912606897E-002  0.18211781063099255     
   1.4560793272193109E-008   7.2283372114796088E-002  0.18002184422165488     
   1.5423574515106970E-008   6.9594234950572847E-002  0.17814461205602053     
   1.6337478760676535E-008   6.6942809204344408E-002  0.17646617576935655     
   1.7305535237251470E-008   6.4336373036957051E-002  0.17496729876482828     
   1.8330952666245453E-008   6.1781221996678515E-002  0.17362969160819441     
   1.9417129897769045E-008   5.9282755038475424E-002  0.17243618680160624     
   2.0567667176463190E-008   5.6845547467960923E-002  0.17137085116911560     
   2.1786378074875283E-008   5.4473413481788364E-002  0.17041904486049858     
   2.3077302133932452E-008   5.2169461145629238E-002  0.16956743617820877     
   2.4444718252409741E-008   4.9936142412339873E-002  0.16880398116708378     
   2.5893158869774279E-008   4.7775300298220053E-002  0.16811787629237035     
   2.7427424989415785E-008   4.5688214748185060E-002  0.16749949167635722     
   2.9052602092059327E-008   4.3675648132093660E-002  0.16694029136746083     
   3.0774076992107337E-008   4.1737890798820537E-002  0.16643274606379466     
   3.2597555692782383E-008   3.9874806704938232E-002  0.16597024267431457     
   3.4529082299253872E-008   3.8085878846153144E-002  0.16554699412818372     
   3.6575059052437881E-008   3.6370254045564411E-002  0.16515795196932928     
   3.8742267549874142E-008   3.4726786575524735E-002  0.16479872351973593     
   4.1037891224019371E-008   3.3154080088949225E-002  0.16446549476713429     
   4.3469539152462887E-008   3.1650527390613845E-002  0.16415495962697063     
   4.6045271278986299E-008   3.0214347657564419E-002  0.16386425584032471     
   4.8773625129065110E-008   2.8843620830332060E-002  0.16359090747290608     
   5.1663644108362835E-008   2.7536318989002058E-002  0.16333277377935038     
   5.4724907478017017E-008   2.6290334633377922E-002  0.16308800405614074     
   5.7967562106071983E-008   2.5103505869686862E-002  0.16285499802574582     
   6.1402356100302588E-008   2.3973638578494525E-002  0.16263237125305199     
   6.5040674433908008E-008   2.2898525693738569E-002  0.16241892508604180     
   6.8894576682160293E-008   2.1875963764464910E-002  0.16221362062359004     
   7.2976836995090660E-008   2.0903766997813353E-002  0.16201555623971445     
   7.7300986438705548E-008   1.9979778998042631E-002  0.16182394822817275     
   8.1881357845077931E-008   1.9101882423113229E-002  0.16163811417049784     
   8.6733133319973478E-008   1.8268006779336373E-002  0.16145745867131170     
   9.1872394565480351E-008   1.7476134568412873E-002  0.16128146114474146     
   9.7316176184442734E-008   1.6724305990918183E-002  0.16110966537400007     
   1.0308252214338029E-007   1.6010622397517153E-002  0.16094167060089587     
   1.0919054558104595E-007   1.5333248664827777E-002  0.16077712393451166     
   1.1566049216086356E-007   1.4690414657957078E-002  0.16061571389581633     
   1.2251380717723333E-007   1.4080415926548942E-002  0.16045716494033993     
   1.2977320663813642E-007   1.3501613766652078E-002  0.16030123282206618     
   1.3746275255964808E-007   1.2952434766387437E-002  0.16014770068017325     
   1.4560793272193109E-007   1.2431369940040833E-002  0.15999637574553180     
   1.5423574515106968E-007   1.1936973542592190E-002  0.15984708657699845     
   1.6337478760676550E-007   1.1467861644558423E-002  0.15969968074805474     
   1.7305535237251470E-007   1.1022710535866233E-002  0.15955402291360543     
   1.8330952666245453E-007   1.0600255016637731E-002  0.15940999319414098     
   1.9417129897769050E-007   1.0199286622631833E-002  0.15926748582113590     
   2.0567667176463191E-007   9.8186518234465361E-003  0.15912640799337419     
   2.1786378074875282E-007   9.4572502224628298E-003  0.15898667889947887     
   2.3077302133932446E-007   9.1140327791532482E-003  0.15884822886724959     
   2.4444718252409739E-007   8.7880000668520905E-003  0.15871099860609530     
   2.5893158869774280E-007   8.4782005725110646E-003  0.15857493851447205     
   2.7427424989415783E-007   8.1837290396750539E-003  0.15844000803008393     
   2.9052602092059327E-007   7.9037248520851325E-003  0.15830617500680519     
   3.0774076992107333E-007   7.6373704528574383E-003  0.15817341510772670     
   3.2597555692782383E-007   7.3838897934910986E-003  0.15804171120949170     
   3.4529082299253871E-007   7.1425468074102190E-003  0.15791105281707168     
   3.6575059052437880E-007   6.9126439044187296E-003  0.15778143549203652     
   3.8742267549874134E-007   6.6935204859164873E-003  0.15765286029954317     
   4.1037891224019369E-007   6.4845514818225895E-003  0.15752533327907645     
   4.3469539152462881E-007   6.2851459150229287E-003  0.15739886494440777     
   4.6045271278986300E-007   6.0947454999550899E-003  0.15727346981549584     
   4.8773625129065110E-007   5.9128232836161516E-003  0.15714916598249187     
   5.1663644108362831E-007   5.7388823370877534E-003  0.15702597469886045     
   5.4724907478017013E-007   5.5724545043194310E-003  0.15690391999752384     
   5.7967562106071988E-007   5.4130992123372019E-003  0.15678302832155266     
   6.1402356100302580E-007   5.2604023435800723E-003  0.15666332815928416     
   6.5040674433908005E-007   5.1139751672908285E-003  0.15654484967377066     
   6.8894576682160288E-007   4.9734533227258366E-003  0.15642762431752175     
   7.2976836995090652E-007   4.8384958445848204E-003  0.15631168442555313     
   7.7300986438705546E-007   4.7087842170014469E-003  0.15619706278360565     
   8.1881357845077920E-007   4.5840214432488853E-003  0.15608379217174231     
   8.6733133319973491E-007   4.4639311171259253E-003  0.15597190488779855     
   9.1872394565480351E-007   4.3482564840685951E-003  0.15586143225880070     
   9.7316176184442742E-007   4.2367594825069438E-003  0.15575240415142935     
   1.0308252214338029E-006   4.1292197594112196E-003  0.15564484849469035     
   1.0919054558104592E-006   4.0254336578200486E-003  0.15553879082879268     
   1.1566049216086358E-006   3.9252131779676696E-003  0.15543425389414331     
   1.2251380717723332E-006   3.8283849175215589E-003  0.15533125727269850     
   1.2977320663813645E-006   3.7347889989129499E-003  0.15522981709249614     
   1.3746275255964808E-006   3.6442779947064821E-003  0.15512994580254374     
   1.4560793272193110E-006   3.5567158628413646E-003  0.15503165202279598     
   1.5423574515106969E-006   3.4719769043014630E-003  0.15493494047044087     
   1.6337478760676550E-006   3.3899447554186636E-003  0.15483981196080865     
   1.7305535237251469E-006   3.3105114260391813E-003  0.15474626347843742     
   1.8330952666245454E-006   3.2335763931696281E-003  0.15465428831162067     
   1.9417129897769058E-006   3.1590457578331548E-003  0.15456387624229509     
   2.0567667176463181E-006   3.0868314707226353E-003  0.15447501378153586     
   2.1786378074875278E-006   3.0168506300054789E-003  0.15438768444098919     
   2.3077302133932450E-006   2.9490248525725874E-003  0.15430186903016668     
   2.4444718252409739E-006   2.8832797180567520E-003  0.15421754596984832     
   2.5893158869774292E-006   2.8195442833022525E-003  0.15413469161309648     
   2.7427424989415773E-006   2.7577506636032559E-003  0.15405328056571435     
   2.9052602092059327E-006   2.6978336759546991E-003  0.15397328599958632     
   3.0774076992107334E-006   2.6397305388666330E-003  0.15389467995340955     
   3.2597555692782382E-006   2.5833806228385803E-003  0.15381743361653938     
   3.4529082299253887E-006   2.5287252454683331E-003  0.15374151759304877     
   3.6575059052437865E-006   2.4757075052007074E-003  0.15366690214386333     
   3.8742267549874138E-006   2.4242721479806146E-003  0.15359355740606942     
   4.1037891224019372E-006   2.3743654614854976E-003  0.15352145358924768     
   4.3469539152462874E-006   2.3259351920730371E-003  0.15345056114942449     
   4.6045271278986329E-006   2.2789304801739099E-003  0.15338085094154028     
   4.8773625129065095E-006   2.2333018103941971E-003  0.15331229435207980     
   5.1663644108362837E-006   2.1890009732096565E-003  0.15324486341342206     
   5.4724907478017016E-006   2.1459810356761547E-003  0.15317853090181038     
   5.7967562106071984E-006   2.1041963191165774E-003  0.15311327042099598     
   6.1402356100302623E-006   2.0636023822160213E-003  0.15304905647314243     
   6.5040674433907963E-006   2.0241560083199594E-003  0.15298586451900412     
   6.8894576682160290E-006   1.9858151961820230E-003  0.15292367102866081     
   7.2976836995090650E-006   1.9485391534485516E-003  0.15286245352465441     
   7.7300986438705552E-006   1.9122882926326436E-003  0.15280219061829392     
   8.1881357845077969E-006   1.8770242292057925E-003  0.15274286204034640     
   8.6733133319973447E-006   1.8427097815959062E-003  0.15268444866689315     
   9.1872394565480336E-006   1.8093089728334962E-003  0.15262693254086995     
   9.7316176184442725E-006   1.7767870334789778E-003  0.15257029689014251     
   1.0308252214338031E-005   1.7451104054627576E-003  0.15251452614225547     
   1.0919054558104601E-005   1.7142467461549367E-003  0.15245960593666227     
   1.1566049216086351E-005   1.6841649322395776E-003  0.15240552313474789     
   1.2251380717723333E-005   1.6548350622023499E-003  0.15235226582876910     
   1.2977320663813644E-005   1.6262284569653830E-003  0.15229982335024558     
   1.3746275255964806E-005   1.5983176576046321E-003  0.15224818627922440     
   1.4560793272193116E-005   1.5710764192599042E-003  0.15219734645576824     
   1.5423574515106961E-005   1.5444797008088412E-003  0.15214729699532148     
   1.6337478760676553E-005   1.5185036492238336E-003  0.15209803231003219     
   1.7305535237251470E-005   1.4931255786998683E-003  0.15204954813805574     
   1.8330952666245457E-005   1.4683239441741541E-003  0.15200184158330249     
   1.9417129897769059E-005   1.4440783094056384E-003  0.15195491116805879     
   2.0567667176463180E-005   1.4203693098998698E-003  0.15190875690110292     
   2.1786378074875278E-005   1.3971786114662737E-003  0.15186338036396252     
   2.3077302133932445E-005   1.3744888648239909E-003  0.15181878481796754     
   2.4444718252409746E-005   1.3522836574739580E-003  0.15177497533477030     
   2.5893158869774294E-005   1.3305474636550049E-003  0.15173195895308325     
   2.7427424989415770E-005   1.3092655934212427E-003  0.15168974486439810     
   2.9052602092059321E-005   1.2884241418282057E-003  0.15164834463054130     
   3.0774076992107331E-005   1.2680099390753351E-003  0.15160777243605408     
   3.2597555692782391E-005   1.2480105025730569E-003  0.15156804537887467     
   3.4529082299253886E-005   1.2284139913515768E-003  0.15152918380267666     
   3.6575059052437861E-005   1.2092091635701465E-003  0.15149121167499474     
   3.8742267549874124E-005   1.1903853374132364E-003  0.15145415701584641     
   4.1037891224019368E-005   1.1719323556520509E-003  0.15141805238178088     
   4.3469539152462896E-005   1.1538405540102415E-003  0.15138293541150519     
   4.6045271278986332E-005   1.1361007333667945E-003  0.15134884943974264     
   4.8773625129065085E-005   1.1187041357468787E-003  0.15131584418710511     
   5.1663644108362827E-005   1.1016424239920471E-003  0.15128397653490261     
   5.4724907478017014E-005   1.0849076649503317E-003  0.15125331139489379     
   5.7967562106071998E-005   1.0684923160372063E-003  0.15122392268549562     
   6.1402356100302612E-005   1.0523892149146810E-003  0.15119589442760717     
   6.5040674433907973E-005   1.0365915722117560E-003  0.15116932197468558     
   6.8894576682160271E-005   1.0210929670473284E-003  0.15114431339401524     
   7.2976836995090655E-005   1.0058873452573345E-003  0.15112099101810597     
   7.7300986438705562E-005   9.9096902022150651E-004  0.15109949318786775     
   8.1881357845077949E-005   9.7633267622967545E-004  0.15107997621189709     
   8.6733133319973453E-005   9.6197337436839943E-004  0.15106261656958109     
   9.1872394565480309E-005   9.4788656095561139E-004  0.15104761338947797     
   9.7316176184442742E-005   9.3406807859684673E-004  0.15103519123845408     
   1.0308252214338033E-004   9.2051417998741255E-004  0.15102560326232262     
   1.0919054558104599E-004   9.0722154463750094E-004  0.15101913472386166     
   1.1566049216086351E-004   8.9418729875272510E-004  0.15101610699086876     
   1.2251380717723327E-004   8.8140903856468345E-004  0.15101688203429384     
   1.2977320663813644E-004   8.6888485747053359E-004  0.15102186750496399     
   1.3746275255964810E-004   8.5661337741723483E-004  0.15103152246775936     
   1.4560793272193115E-004   8.4459378504751997E-004  0.15104636388350687     
   1.5423574515106963E-004   8.3282587322329189E-004  0.15106697394289612     
   1.6337478760676546E-004   8.2131008865335994E-004  0.15109400837258768     
   1.7305535237251466E-004   8.1004758648574998E-004  0.15112820585301517     
