   5.5792315838619529E+024   6670000.0000000000       0.30003178869739255     
   0.000000000000000000000   0.000000000000000000000  0.73701421365368391
   5.1663644108362785E-014   1.5033215600948793E-002  0.73701421365368391     
   5.4724907478017018E-014   1.5865854897358103E-002  0.73685868496110696     
   5.7967562106072044E-014   1.6746150725990269E-002  0.73667714913584736     
   6.1402356100302718E-014   1.7674866358351891E-002  0.73648661612334121     
   6.5040674433907865E-014   1.8657409224938547E-002  0.73627409228406082     
   6.8894576682160217E-014   1.9692958694863070E-002  0.73604094225000383     
   7.2976836995090651E-014   2.0787845655843771E-002  0.73578471190806094     
   7.7300986438705626E-014   2.1944794216862518E-002  0.73550230214534895     
   8.1881357845078089E-014   2.3163219487861958E-002  0.73519082360696797     
   8.6733133319973290E-014   2.4451191515360630E-002  0.73484613421779499     
   9.1872394565480238E-014   2.5807269330641314E-002  0.73446439058970314     
   9.7316176184442738E-014   2.7237030641622681E-002  0.73404225204187334     
   1.0308252214338041E-013   2.8741743810947160E-002  0.73357526781615423     
   1.0919054558104616E-013   3.0325563849770341E-002  0.73305846684081100     
   1.1566049216086335E-013   3.1990677436518102E-002  0.73248645624190545     
   1.2251380717723322E-013   3.3740065587485400E-002  0.73185296900283592     
   1.2977320663813645E-013   3.5576077041521624E-002  0.73115153083707762     
   1.3746275255964820E-013   3.7501307943786984E-002  0.73037607762612322     
   1.4560793272193139E-013   3.9517713933378822E-002  0.72951850865772139     
   1.5423574515106935E-013   4.1627138259197297E-002  0.72857042045493048     
   1.6337478760676535E-013   4.3830940015830142E-002  0.72752396278492182     
   1.7305535237251469E-013   4.6129984543166414E-002  0.72636921673862787     
   1.8330952666245472E-013   4.8524653926302175E-002  0.72509677034082365     
   1.9417129897769086E-013   5.1014468181718772E-002  0.72369570237413838     
   2.0567667176463148E-013   5.3598271376321199E-002  0.72215521590123333     
   2.1786378074875261E-013   5.6274057142985695E-002  0.72046370927108738     
   2.3077302133932448E-013   5.9038623676353798E-002  0.71860923509373165     
   2.4444718252409763E-013   6.1887647109321334E-002  0.71657925672539591     
   2.5893158869774334E-013   6.4815560939849928E-002  0.71436158390154580     
   2.7427424989415731E-013   6.7815325428673967E-002  0.71194346667355979     
   2.9052602092059301E-013   7.0878342587096216E-002  0.70931253507642356     
   3.0774076992107333E-013   7.3994456697005509E-002  0.70645698616356323     
   3.2597555692782418E-013   7.7151642353809807E-002  0.70336515105131847     
   3.4529082299253944E-013   8.0336138119209949E-002  0.70002684113079505     
   3.6575059052437807E-013   8.3532415825546311E-002  0.69643293339670687     
   3.8742267549874100E-013   8.6723117684586765E-002  0.69257599512798718     
   4.1037891224019369E-013   8.9889204998592279E-002  0.68845063254306460     
   4.3469539152462927E-013   9.3010091064678016E-002  0.68405389332029642     
   4.6045271278986397E-013   9.6063751955252658E-002  0.67938557280137579     
   4.8773625129065011E-013   9.9027213364352565E-002  0.67444864276582839     
   5.1663644108362790E-013  0.10187662693639103       0.66924951544333222     
   5.4724907478017018E-013  0.10458790628665962       0.66379821465766464     
   5.7967562106072046E-013  0.10713705320649942       0.65810858715733367     
   6.1402356100302703E-013  0.10950070202607715       0.65219829423358577     
   6.5040674433907870E-013  0.11165665908964721       0.64608874667631266     
   6.8894576682160217E-013  0.11358439455460158       0.63980487095279270     
   7.2976836995090651E-013  0.11526565130543075       0.63337470394225448     
   7.7300986438705624E-013  0.11668477804263810       0.62682901221912279     
   8.1881357845078089E-013  0.11782920377784740       0.62020060136733990     
   8.6733133319973302E-013  0.11868974183301520       0.61352371375651871     
   9.1872394565480248E-013  0.11926080945788967       0.60683323078499074     
   9.7316176184442713E-013  0.11954048468605276       0.60016391742965225     
   1.0308252214338041E-012  0.11953051794039868       0.59354969131458812     
   1.0919054558104615E-012  0.11923620126522527       0.58702285458693737     
   1.1566049216086334E-012  0.11866611071387743       0.58061351357022883     
   1.2251380717723318E-012  0.11783180525588144       0.57434899858775235     
   1.2977320663813644E-012  0.11674744945856014       0.56825345689499429     
   1.3746275255964824E-012  0.11542936187330954       0.56234757792636902     
   1.4560793272193139E-012  0.11389558077911950       0.55664841467076620     
   1.5423574515106938E-012  0.11216539016044154       0.55116936667952932     
   1.6337478760676533E-012  0.11025889495107501       0.54592024443091347     
   1.7305535237251468E-012  0.10819658079320139       0.54090746150344327     
   1.8330952666245471E-012  0.10599895695904883       0.53613427545455294     
   1.9417129897769046E-012  0.10368620956587003       0.53160109588739324     
   2.0567667176463192E-012  0.10127793453863446       0.52730583022233857     
   2.1786378074875259E-012   9.8792896777841172E-002  0.52324424212028442     
   2.3077302133932448E-012   9.6248853065124554E-002  0.51941030445092373     
   2.4444718252409768E-012   9.3662422628303821E-002  0.51579655919667566     
   2.5893158869774276E-012   9.1048993202056339E-002  0.51239443231606674     
   2.7427424989415787E-012   8.8422668541394092E-002  0.50919453530845549     
   2.9052602092059299E-012   8.5796248537490433E-002  0.50618692976607760     
   3.0774076992107334E-012   8.3181236133121533E-002  0.50336135445492614     
   3.2597555692782412E-012   8.0587866139402914E-002  0.50070742246093991     
   3.4529082299253870E-012   7.8025149409482644E-002  0.49821477856996810     
   3.6575059052437878E-012   7.5500934032546388E-002  0.49587323422119589     
   3.8742267549874103E-012   7.3021971313159961E-002  0.49367286659706427     
   4.1037891224019377E-012   7.0593991817988463E-002  0.49160409704169805     
   4.3469539152462926E-012   6.8221781101205067E-002  0.48965774810789586     
   4.6045271278986298E-012   6.5909260575100839E-002  0.48782508167440886     
   4.8773625129065108E-012   6.3659564014898126E-002  0.48609782209665792     
   5.1663644108362784E-012   6.1475115864995072E-002  0.48446816745585253     
   5.4724907478017028E-012   5.9357703756150071E-002  0.48292879142855055     
   5.7967562106072046E-012   5.7308548363496158E-002  0.48147283669469326     
   6.1402356100302592E-012   5.5328370593924661E-002  0.48009390307487887     
   6.5040674433907994E-012   5.3417451807978557E-002  0.47878603106771267     
   6.8894576682160215E-012   5.1575690746528742E-002  0.47754368281381243     
   7.2976836995090657E-012   4.9802655663866123E-002  0.47636172023709838     
   7.7300986438705634E-012   4.8097631981448112E-002  0.47523538264175491     
   8.1881357845077919E-012   4.6459664532624782E-002  0.47416026338193229     
   8.6733133319973500E-012   4.4887596472377181E-002  0.47313228718420319     
   9.1872394565480252E-012   4.3380103067695040E-002  0.47214768612817265     
   9.7316176184442745E-012   4.1935722823759999E-002  0.47120297859614835     
   1.0308252214338042E-011   4.0552883530250217E-002  0.47029494699499563     
   1.0919054558104596E-011   3.9229925470856478E-002  0.46942061785838962     
   1.1566049216086357E-011   3.7965122360765005E-002  0.46857724238510184     
   1.2251380717723319E-011   3.6756697561296792E-002  0.46776227866235798     
   1.2977320663813643E-011   3.5602839388134008E-002  0.46697337514809029     
   1.3746275255964820E-011   3.4501713338955679E-002  0.46620835485730633     
   1.4560793272193110E-011   3.3451471738185634E-002  0.46546520224542098     
   1.5423574515106970E-011   3.2450262837825997E-002  0.46474204997104279     
   1.6337478760676535E-011   3.1496236954120342E-002  0.46403716828094449     
   1.7305535237251469E-011   3.0587552021014278E-002  0.46334895508859003     
   1.8330952666245470E-011   2.9722378188454031E-002  0.46267592749461678     
   1.9417129897769049E-011   2.8898901068114911E-002  0.46201671474924466     
   2.0567667176463190E-011   2.8115324680449288E-002  0.46137005237129980     
   2.1786378074875261E-011   2.7369874104214830E-002  0.46073477711668009     
   2.3077302133932451E-011   2.6660797944649442E-002  0.46010982340079959     
   2.4444718252409764E-011   2.5986370717041643E-002  0.45949421990444939     
   2.5893158869774276E-011   2.5344895517474944E-002  0.45888708735275147     
   2.7427424989415784E-011   2.4734707306599758E-002  0.45828763630533598     
   2.9052602092059298E-011   2.4154175868000848E-002  0.45769516538761224     
   3.0774076992107335E-011   2.3601709926941782E-002  0.45710905942096558     
   3.2597555692782420E-011   2.3075761022691807E-002  0.45652878729999036     
   3.4529082299253870E-011   2.2574827983568239E-002  0.45595389970329558     
   3.6575059052437883E-011   2.2097461264928186E-002  0.45538402620726376     
   3.8742267549874099E-011   2.1642267315018313E-002  0.45481887192410919     
   4.1037891224019372E-011   2.1207912958231497E-002  0.45425821369248343     
   4.3469539152462924E-011   2.0793129106180430E-002  0.45370189578412456     
   4.6045271278986303E-011   2.0396714436915455E-002  0.45314982520227071     
   4.8773625129065116E-011   2.0017538207491612E-002  0.45260196677599623     
   5.1663644108362789E-011   1.9654543035390021E-002  0.45205833800415690     
   5.4724907478017021E-011   1.9306746758021718E-002  0.45151900392623484     
   5.7967562106072048E-011   1.8973244242543097E-002  0.45098407180769629     
   6.1402356100302595E-011   1.8653208569960316E-002  0.45045368601541941     
   6.5040674433907998E-011   1.8345892033436648E-002  0.44992802277432242     
   6.8894576682160224E-011   1.8050626846368770E-002  0.44940728497165106     
   7.2976836995090650E-011   1.7766825421993312E-002  0.44889169696336539     
   7.7300986438705624E-011   1.7493980596689100E-002  0.44838149926304527     
   8.1881357845077913E-011   1.7231665245287117E-002  0.44787694325347321     
   8.6733133319973494E-011   1.6979531697386828E-002  0.44737828582415617     
   9.1872394565480235E-011   1.6737310579036671E-002  0.44688578404159918     
   9.7316176184442738E-011   1.6504809222513885E-002  0.44639968990877138     
   1.0308252214338043E-010   1.6281909617281647E-002  0.44592024528828322     
   1.0919054558104594E-010   1.6068565699277393E-002  0.44544767711759836     
   1.1566049216086358E-010   1.5864800344134677E-002  0.44498219298978170     
   1.2251380717723320E-010   1.5670701818668555E-002  0.44452397721306991     
   1.2977320663813646E-010   1.5486419966247037E-002  0.44407318742202656     
   1.3746275255964819E-010   1.5312162168143443E-002  0.44362995177485554     
   1.4560793272193108E-010   1.5148189130938475E-002  0.44319436681169416     
   1.5423574515106970E-010   1.4994810830117694E-002  0.44276649591060224     
   1.6337478760676534E-010   1.4852382386717305E-002  0.44234636840787045     
   1.7305535237251471E-010   1.4721300360259478E-002  0.44193397923586819     
   1.8330952666245474E-010   1.4601999260667322E-002  0.44152928911139699     
   1.9417129897769049E-010   1.4494948492287397E-002  0.44113222513840222     
   2.0567667176463193E-010   1.4400649812832445E-002  0.44074268176326631     
   2.1786378074875259E-010   1.4319635260282250E-002  0.44036052198812659     
   2.3077302133932448E-010   1.4252465627801374E-002  0.43998557875927541     
   2.4444718252409766E-010   1.4199729536633326E-002  0.43961765640792522     
   2.5893158869774284E-010   1.4162043011292478E-002  0.43925653210448595     
   2.7427424989415788E-010   1.4140049633827834E-002  0.43890195719971059     
   2.9052602092059301E-010   1.4134421190772921E-002  0.43855365840638244     
   3.0774076992107330E-010   1.4145858815870294E-002  0.43821133873548329     
   3.2597555692782413E-010   1.4175094583396611E-002  0.43787467813980080     
   3.4529082299253875E-010   1.4222893505640989E-002  0.43754333380136068     
   3.6575059052437884E-010   1.4290055872758700E-002  0.43721694002353989     
   3.8742267549874102E-010   1.4377419967086105E-002  0.43689510767221373     
   4.1037891224019373E-010   1.4485864996877118E-002  0.43657742314885295     
   4.3469539152462921E-010   1.4616314305057851E-002  0.43626344683799839     
   4.6045271278986304E-010   1.4769738759132142E-002  0.43595271101442729     
   4.8773625129065111E-010   1.4947160296720880E-002  0.43564471716541453     
   5.1663644108362775E-010   1.5149655604752699E-002  0.43533893269733714     
   5.4724907478017020E-010   1.5378359858859689E-002  0.43503478699443149     
   5.7967562106072052E-010   1.5634470534577522E-002  0.43473166677881664     
   6.1402356100302593E-010   1.5919251210075109E-002  0.43442891073954604     
   6.5040674433908001E-010   1.6234035345598946E-002  0.43412580337246265     
   6.8894576682160219E-010   1.6580229993607951E-002  0.43382156797341903     
   7.2976836995090655E-010   1.6959319382104692E-002  0.43351535872658131     
   7.7300986438705619E-010   1.7372868332370586E-002  0.43320625181203110     
   8.1881357845077923E-010   1.7822525434714815E-002  0.43289323545316544     
   8.6733133319973486E-010   1.8310025906852420E-002  0.43257519882144296     
   9.1872394565480238E-010   1.8837194064582632E-002  0.43225091969715890     
   9.7316176184442723E-010   1.9405945275488775E-002  0.43191905079084936     
   1.0308252214338041E-009   2.0018287292519980E-002  0.43157810461422991     
   1.0919054558104593E-009   2.0676320805057321E-002  0.43122643678903722     
   1.1566049216086354E-009   2.1382239038256076E-002  0.43086222768173049     
   1.2251380717723319E-009   2.2138326191169889E-002  0.43048346224855910     
   1.2977320663813643E-009   2.2946954480272126E-002  0.43008790798365115     
   1.3746275255964821E-009   2.3810579490843052E-002  0.42967309087343014     
   1.4560793272193109E-009   2.4731733509480873E-002  0.42923626927639524     
   1.5423574515106970E-009   2.5713016461122656E-002  0.42877440567531389     
   1.6337478760676534E-009   2.6757084003409079E-002  0.42828413628612755     
   1.7305535237251468E-009   2.7866632270493023E-002  0.42776173856202210     
   1.8330952666245471E-009   2.9044378709545401E-002  0.42720309669745821     
   1.9417129897769046E-009   3.0293038343114569E-002  0.42660366533332117     
   2.0567667176463192E-009   3.1615294768539623E-002  0.42595843177716602     
   2.1786378074875260E-009   3.3013765089869078E-002  0.42526187720384312     
   2.3077302133932452E-009   3.4490957933897122E-002  0.42450793748667071     
   2.4444718252409764E-009   3.6049223656349695E-002  0.42368996453304397     
   2.5893158869774279E-009   3.7690695785738353E-002  0.42280068927566955     
   2.7427424989415785E-009   3.9417222772751413E-002  0.42183218779366782     
   2.9052602092059296E-009   4.1230289140171204E-002  0.42077585241927223     
   3.0774076992107333E-009   4.3130925227813262E-002  0.41962237012314213     
   3.2597555692782413E-009   4.5119604899291524E-002  0.41836171095989994     
   3.4529082299253875E-009   4.7196130870643546E-002  0.41698312988842440     
   3.6575059052437879E-009   4.9359507703650683E-002  0.41547518584161064     
   3.8742267549874094E-009   5.1607803078302157E-002  0.41382578247979351     
   4.1037891224019366E-009   5.3937998685381565E-002  0.41202223557775480     
   4.3469539152462921E-009   5.6345833028854472E-002  0.41005137241304468     
   4.6045271278986302E-009   5.8825639561210397E-002  0.40789966876678529     
   4.8773625129065117E-009   6.1370184963511605E-002  0.40555342911453224     
   5.1663644108362779E-009   6.3970513914192076E-002  0.40299901517148978     
   5.4724907478017016E-009   6.6615808402536350E-002  0.40022312701838780     
   5.7967562106072048E-009   6.9293271355961333E-002  0.39721313945384157     
   6.1402356100302587E-009   7.1988045976500284E-002  0.39395749385409667     
   6.5040674433907995E-009   7.4683183491491320E-002  0.39044614259613675     
   6.8894576682160217E-009   7.7359672770941842E-002  0.38667103897320360     
   7.2976836995090645E-009   7.9996545158321469E-002  0.38262666058035327     
   7.7300986438705631E-009   8.2571066591925285E-002  0.37831054856786689     
   8.1881357845077927E-009   8.5059026388072875E-002  0.37372383932233483     
   8.6733133319973494E-009   8.7435127718490588E-002  0.36887175958102664     
   9.1872394565480238E-009   8.9673478812885912E-002  0.36376405142846463     
   9.7316176184442727E-009   9.1748176439478898E-002  0.35841529089038121     
   1.0308252214338041E-008   9.3633964730623007E-002  0.35284506377526520     
   1.0919054558104593E-008   9.5306943688302073E-002  0.34707796574833388     
   1.1566049216086357E-008   9.6745293742511645E-002  0.34114340079921701     
   1.2251380717723320E-008   9.7929976698321972E-002  0.33507516328632736     
   1.2977320663813645E-008   9.8845370432518148E-002  0.32891080304112280     
   1.3746275255964821E-008   9.9479795672992852E-002  0.32269078942549012     
   1.4560793272193109E-008   9.9825898531603258E-002  0.31645750707896819     
   1.5423574515106970E-008   9.9880861967389947E-002  0.31025413137048230     
   1.6337478760676535E-008   9.9646432149298650E-002  0.30412344329785673     
   1.7305535237251470E-008   9.9128760293385493E-002  0.29810665011761506     
   1.8330952666245453E-008   9.8338075141123749E-002  0.29224227836220529     
   1.9417129897769045E-008   9.7288213943299326E-002  0.28656519999975333     
   2.0567667176463190E-008   9.5996049056838992E-002  0.28110584108282166     
   2.1786378074875283E-008   9.4480852064844800E-002  0.27588960683008529     
   2.3077302133932452E-008   9.2763637452185049E-002  0.27093653965194353     
   2.4444718252409741E-008   9.0866523796879026E-002  0.26626120923303215     
   2.5893158869774279E-008   8.8812143228369334E-002  0.26187281825570125     
   2.7427424989415785E-008   8.6623120924917155E-002  0.25777549504930575     
   2.9052602092059327E-008   8.4321637080378223E-002  0.25396873613655524     
   3.0774076992107337E-008   8.1929075256206046E-002  0.25044795748537485     
   3.2597555692782383E-008   7.9465754174195144E-002  0.24720511292424313     
   3.4529082299253872E-008   7.6950735203970277E-002  0.24422934096043186     
   3.6575059052437881E-008   7.4401695065304585E-002  0.24150760629240442     
   3.8742267549874142E-008   7.1834852329494284E-002  0.23902530873404168     
   4.1037891224019371E-008   6.9264936711459196E-002  0.23676683925279099     
   4.3469539152462887E-008   6.6705191405394548E-002  0.23471606968886716     
   4.6045271278986299E-008   6.4167400375707465E-002  0.23285676897099772     
   4.8773625129065110E-008   6.1661934218085461E-002  0.23117294395130647     
   5.1663644108362835E-008   5.9197809725665684E-002  0.22964910718573595     
   5.4724907478017017E-008   5.6782759510398462E-002  0.22827047705768641     
   5.7967562106071983E-008   5.4423308920520302E-002  0.22702311764754823     
   6.1402356100302588E-008   5.2124858095282729E-002  0.22589402682723070     
   6.5040674433908008E-008   4.9891767375351184E-002  0.22487118137653431     
   6.8894576682160293E-008   4.7727444518353146E-002  0.22394354766138544     
   7.2976836995090660E-008   4.5634432318526909E-002  0.22310106575673161     
   7.7300986438705548E-008   4.3614495349075084E-002  0.22233461399622917     
   8.1881357845077931E-008   4.1668704667943049E-002  0.22163595991188567     
   8.6733133319973478E-008   3.9797519466092862E-002  0.22099770249024533     
   9.1872394565480351E-008   3.8000864797154643E-002  0.22041320968327874     
   9.7316176184442734E-008   3.6278204702224086E-002  0.21987655421930427     
   1.0308252214338029E-007   3.4628610224797907E-002  0.21938244998183251     
   1.0919054558104595E-007   3.3050821989595483E-002  0.21892619057342477     
   1.1566049216086356E-007   3.1543307184494003E-002  0.21850359115061932     
   1.2251380717723333E-007   3.0104310933234964E-002  0.21811093419875441     
   1.2977320663813642E-007   2.8731902170476099E-002  0.21774491959440900     
   1.3746275255964808E-007   2.7424014231469923E-002  0.21740261906566091     
   1.4560793272193109E-007   2.6178480444122972E-002  0.21708143499027632     
   1.5423574515106968E-007   2.4993065063935799E-002  0.21677906335563274     
   1.6337478760676550E-007   2.3865489924770167E-002  0.21649346062938857     
   1.7305535237251470E-007   2.2793457193367353E-002  0.21622281424715037     
   1.8330952666245453E-007   2.1774668616154617E-002  0.21596551640332615     
   1.9417129897769050E-007   2.0806841636488983E-002  0.21572014082834098     
   2.0567667176463191E-007   1.9887722742053589E-002  0.21548542224387038     
   2.1786378074875282E-007   1.9015098377370272E-002  0.21526023820408038     
   2.3077302133932446E-007   1.8186803729271925E-002  0.21504359305238999     
   2.4444718252409739E-007   1.7400729663762177E-002  0.21483460374690397     
   2.5893158869774280E-007   1.6654828063645873E-002  0.21463248733381121     
   2.7427424989415783E-007   1.5947115789123476E-002  0.21443654987331640     
   2.9052602092059327E-007   1.5275677457760119E-002  0.21424617664729481     
   3.0774076992107333E-007   1.4638667218252790E-002  0.21406082350142161     
   3.2597555692782383E-007   1.4034309672927590E-002  0.21388000919504532     
   3.4529082299253871E-007   1.3460900087688951E-002  0.21370330865046588     
   3.6575059052437880E-007   1.2916804014883428E-002  0.21353034700802032     
   3.8742267549874134E-007   1.2400456443154167E-002  0.21336079440546168     
   4.1037891224019369E-007   1.1910360578660323E-002  0.21319436140807191     
   4.3469539152462881E-007   1.1445086353040531E-002  0.21303079502155600     
   4.6045271278986300E-007   1.1003268744435588E-002  0.21286987522264891     
   4.8773625129065110E-007   1.0583605988139276E-002  0.21271141194310408     
   5.1663644108362831E-007   1.0184857742804107E-002  0.21255524244284021     
   5.4724907478017013E-007   9.8058432661618667E-003  0.21240122900770564     
   5.7967562106071988E-007   9.4454396412525440E-003  0.21224925690758895     
   6.1402356100302580E-007   9.1025800805168231E-003  0.21209923255277416     
   6.5040674433908005E-007   8.7762523214697883E-003  0.21195108178950672     
   6.8894576682160288E-007   8.4654971145292999E-003  0.21180474828213941     
   7.2976836995090652E-007   8.1694067922254646E-003  0.21166019193658556     
   7.7300986438705546E-007   7.8871238991948742E-003  0.21151738732991915     
   8.1881357845077920E-007   7.6178398559647005E-003  0.21137632212145946     
   8.6733133319973491E-007   7.3607936255035812E-003  0.21123699543243718     
   9.1872394565480351E-007   7.1152703509775048E-003  0.21109941619251041     
   9.7316176184442742E-007   6.8805999353437316E-003  0.21096360146165152     
   1.0308252214338029E-006   6.6561555381260580E-003  0.21082957474472436     
   1.0919054558104592E-006   6.4413519715285561E-003  0.21069736432270134     
   1.1566049216086358E-006   6.2356439857391170E-003  0.21056700162839742     
   1.2251380717723332E-006   6.0385244418813778E-003  0.21043851969649502     
   1.2977320663813645E-006   5.8495223789960908E-003  0.21031195171714953     
   1.3746275255964808E-006   5.6682009890710646E-003  0.21018732971924822     
   1.4560793272193110E-006   5.4941555199673718E-003  0.21006468340540368     
   1.5423574515106969E-006   5.3270111307728114E-003  0.20994403915509730     
   1.6337478760676550E-006   5.1664207267956841E-003  0.20982541920626993     
   1.7305535237251469E-006   5.0120628025077983E-003  0.20970884101928436     
   1.8330952666245454E-006   4.8636393202932306E-003  0.20959431682113761     
   1.9417129897769058E-006   4.7208736509468316E-003  0.20948185332248595     
   2.0567667176463181E-006   4.5835085990122443E-003  0.20937145159541395     
   2.1786378074875278E-006   4.4513045323948883E-003  0.20926310709609733     
   2.3077302133932450E-006   4.3240376315543290E-003  0.20915680981445492     
   2.4444718252409739E-006   4.2014982693377965E-003  0.20905254453068089     
   2.5893158869774292E-006   4.0834895282944204E-003  0.20895029115879862     
   2.7427424989415773E-006   3.9698258583632578E-003  0.20885002515675363     
   2.9052602092059327E-006   3.8603318742952094E-003  0.20875171798445352     
   3.0774076992107334E-006   3.7548412891197330E-003  0.20865533759165750     
   3.2597555692782382E-006   3.6531959774596915E-003  0.20856084892042967     
   3.4529082299253887E-006   3.5552451605881563E-003  0.20846821440829180     
   3.6575059052437865E-006   3.4608447037152573E-003  0.20837739448075657     
   3.8742267549874138E-006   3.3698565151297844E-003  0.20828834802401935     
   4.1037891224019372E-006   3.2821480364094049E-003  0.20820103283093744     
   4.3469539152462874E-006   3.1975918128661828E-003  0.20811540601509132     
   4.6045271278986329E-006   3.1160651336979745E-003  0.20803142438972946     
   4.8773625129065095E-006   3.0374497318592067E-003  0.20794904481007820     
   5.1663644108362837E-006   2.9616315343831690E-003  0.20786822447844125     
   5.4724907478017016E-006   2.8885004547263143E-003  0.20778892121298601     
   5.7967562106071984E-006   2.8179502196373669E-003  0.20771109368179591     
   6.1402356100302623E-006   2.7498782239565563E-003  0.20763470160431219     
   6.5040674433907963E-006   2.6841854076915207E-003  0.20755970592299364     
   6.8894576682160290E-006   2.6207761505622272E-003  0.20748606894807026     
   7.2976836995090650E-006   2.5595581800201251E-003  0.20741375447839872     
   7.7300986438705552E-006   2.5004424894502020E-003  0.20734272790181157     
   8.1881357845077969E-006   2.4433432639081212E-003  0.20727295627777761     
   8.6733133319973447E-006   2.3881778112377302E-003  0.20720440840562368     
   9.1872394565480336E-006   2.3348664969041377E-003  0.20713705488094741     
   9.7316176184442725E-006   2.2833326811947689E-003  0.20707086814319489     
   1.0308252214338031E-005   2.2335026577285297E-003  0.20700582251679972     
   1.0919054558104601E-005   2.1853055924514479E-003  0.20694189424847895     
   1.1566049216086351E-005   2.1386734624154065E-003  0.20687906154315008     
   1.2251380717723333E-005   2.0935409938229381E-003  0.20681730460061110     
   1.2977320663813644E-005   2.0498455988838325E-003  0.20675660565558085     
   1.3746275255964806E-005   2.0075273111260479E-003  0.20669694902341618     
   1.4560793272193116E-005   1.9665287189218066E-003  0.20663832115379932     
   1.5423574515106961E-005   1.9267948970230842E-003  0.20658071069523204     
   1.6337478760676553E-005   1.8882733360586774E-003  0.20652410857274089     
   1.7305535237251470E-005   1.8509138700066744E-003  0.20646850808175807     
   1.8330952666245457E-005   1.8146686017647198E-003  0.20641390500108633     
   1.9417129897769059E-005   1.7794918270604364E-003  0.20636029772809952     
   2.0567667176463180E-005   1.7453399570265082E-003  0.20630768743948300     
   2.1786378074875278E-005   1.7121714398362533E-003  0.20625607828107254     
   2.3077302133932445E-005   1.6799466818969474E-003  0.20620547759052016     
   2.4444718252409746E-005   1.6486279691016960E-003  0.20615589615688448     
   2.5893158869774294E-005   1.6181793886875298E-003  0.20610734852141896     
   2.7427424989415770E-005   1.5885667522312296E-003  0.20605985332447035     
   2.9052602092059321E-005   1.5597575202977634E-003  0.20601343370346945     
   3.0774076992107331E-005   1.5317207292203220E-003  0.20596811774797941     
   3.2597555692782391E-005   1.5044269204125091E-003  0.20592393901806297     
   3.4529082299253886E-005   1.4778480725863468E-003  0.20588093713314201     
   3.6575059052437861E-005   1.4519575371551088E-003  0.20583915843938563     
   3.8742267549874124E-005   1.4267299770430665E-003  0.20579865676462128     
   4.1037891224019368E-005   1.4021413090652931E-003  0.20575949427091711     
   4.3469539152462896E-005   1.3781686499802202E-003  0.20572174241639654     
   4.6045271278986332E-005   1.3547902662741469E-003  0.20568548303919357     
   4.8773625129065085E-005   1.3319855277012568E-003  0.20565080957829598     
   5.1663644108362827E-005   1.3097348645727841E-003  0.20561782844782120     
   5.4724907478017014E-005   1.2880197287770988E-003  0.20558666058357811     
   5.7967562106071998E-005   1.2668225585029669E-003  0.20555744318308414     
   6.1402356100302612E-005   1.2461267466433318E-003  0.20553033166319742     
   6.5040674433907973E-005   1.2259166128613269E-003  0.20550550186237873     
   6.8894576682160271E-005   1.2061773793227396E-003  0.20548315251858587     
   7.2976836995090655E-005   1.1868951501176693E-003  0.20546350805758870     
   7.7300986438705562E-005   1.1680568944242619E-003  0.20544682173122997     
   8.1881357845077949E-005   1.1496504334979291E-003  0.20543337915052212     
   8.6733133319973453E-005   1.1316644316112813E-003  0.20542350226473280     
   9.1872394565480309E-005   1.1140883911074395E-003  0.20541755384409707     
   9.7316176184442742E-005   1.0969126517834527E-003  0.20541594253250575     
   1.0308252214338033E-004   1.0801283948689501E-003  0.20541912854524616     
   1.0919054558104599E-004   1.0637276519332251E-003  0.20542763009806311     
   1.1566049216086351E-004   1.0477033191188493E-003  0.20544203066590253     
   1.2251380717723327E-004   1.0320491771829414E-003  0.20546298718437306     
   1.2977320663813644E-004   1.0167599179232995E-003  0.20549123932410646     
   1.3746275255964810E-004   1.0018311776719125E-003  0.20552761998761943     
   1.4560793272193115E-004   9.8725957867331054E-004  0.20557306720209728     
   1.5423574515106963E-004   9.7304277931533495E-004  0.20562863760890548     
   1.6337478760676546E-004   9.5917953436821894E-004  0.20569552178341816     
   1.7305535237251466E-004   9.4566976660830559E-004  0.20577506165783724     
