   6.8548970669601058E+024   7308000.0000000000       0.28116266738020557          
   1.0308252214338041E-013   2.0742988299291529E-002  0.59950935159160557     
   1.0919054558104616E-013   2.1121172325705373E-002  0.59891782791952952     
   1.1566049216086335E-013   2.1521861396904821E-002  0.59836843085052238     
   1.2251380717723322E-013   2.1962112092042609E-002  0.59777119841863924     
   1.2977320663813645E-013   2.2428805648954067E-002  0.59717439451308452     
   1.3746275255964820E-013   2.2924981253338198E-002  0.59652836368603412     
   1.4560793272193139E-013   2.3465670746818067E-002  0.59589128178042117     
   1.5423574515106935E-013   2.4034969152149400E-002  0.59521700708929137     
   1.6337478760676535E-013   2.4632144356483959E-002  0.59450760135699010     
   1.7305535237251469E-013   2.5261124615951740E-002  0.59375823760736590     
   1.8330952666245472E-013   2.5921929515938361E-002  0.59296808792163658     
   1.9417129897769086E-013   2.6609487463785410E-002  0.59214816398900572     
   2.0567667176463148E-013   2.7322143468225833E-002  0.59128139751524489     
   2.1786378074875261E-013   2.8059890797268842E-002  0.59037311029121897     
   2.3077302133932448E-013   2.8818692282245418E-002  0.58941193203665054     
   2.4444718252409763E-013   2.9596425886490245E-002  0.58840542407932273     
   2.5893158869774334E-013   3.0390049525576408E-002  0.58734207084607803     
   2.7427424989415731E-013   3.1195809027608695E-002  0.58622625675513651     
   2.9052602092059301E-013   3.2011669860499539E-002  0.58505316430793697     
   3.0774076992107333E-013   3.2832678922870472E-002  0.58382262549439512     
   3.2597555692782418E-013   3.3656830779347217E-002  0.58253641058927530     
   3.4529082299253944E-013   3.4478963019325161E-002  0.58119237778634480     
   3.6575059052437807E-013   3.5296406340532667E-002  0.57978980688515469     
   3.8742267549874100E-013   3.6105147554346607E-002  0.57833137192143991     
   4.1037891224019369E-013   3.6901761927299367E-002  0.57681518206301607     
   4.3469539152462927E-013   3.7682670572550807E-002  0.57524316253214847     
   4.6045271278986397E-013   3.8444533271296578E-002  0.57361710645521269     
   4.8773625129065011E-013   3.9184031189566482E-002  0.57193757581471905     
   5.1663644108362790E-013   3.9897880627172172E-002  0.57020669838898608     
   5.4724907478017018E-013   4.0582965493353364E-002  0.56842590727240117     
   5.7967562106072046E-013   4.1236219018452487E-002  0.56659718947991455     
   6.1402356100302703E-013   4.1854562027292840E-002  0.56472272903966014     
   6.5040674433907870E-013   4.2434959523695880E-002  0.56280463224178390     
   6.8894576682160217E-013   4.2974274360831219E-002  0.56084545238238637     
   7.2976836995090651E-013   4.3469586621601594E-002  0.55884783509783220     
   7.7300986438705624E-013   4.3917722724645496E-002  0.55681467770785620     
   8.1881357845078089E-013   4.4315673619948329E-002  0.55474921309434877     
   8.6733133319973302E-013   4.4660414567866936E-002  0.55265498517218592     
   9.1872394565480248E-013   4.4949087903146188E-002  0.55053592701855392     
   9.7316176184442713E-013   4.5178810695190266E-002  0.54839632402918415     
   1.0308252214338041E-012   4.5347105919218901E-002  0.54624082375140026     
   1.0919054558104615E-012   4.5451620500909146E-002  0.54407448293860028     
   1.1566049216086334E-012   4.5490530867741970E-002  0.54190263192426713     
   1.2251380717723318E-012   4.5462309482649878E-002  0.53973093122815519     
   1.2977320663813644E-012   4.5365982162508207E-002  0.53756522738333279     
   1.3746275255964824E-012   4.5201174356587562E-002  0.53541148495731217     
   1.4560793272193139E-012   4.4968054977553962E-002  0.53327572702264148     
   1.5423574515106938E-012   4.4667467619271213E-002  0.53116387787439256     
   1.6337478760676533E-012   4.4300846714647978E-002  0.52908172705451761     
   1.7305535237251468E-012   4.3870288708267806E-002  0.52703478464583720     
   1.8330952666245471E-012   4.3378443128332479E-002  0.52502820871306954     
   1.9417129897769046E-012   4.2828493742580624E-002  0.52306674168103073     
   2.0567667176463192E-012   4.2224125287124679E-002  0.52115460182157625     
   2.1786378074875259E-012   4.1569415279248560E-002  0.51929549007866216     
   2.3077302133932448E-012   4.0868768189283707E-002  0.51749250977795858     
   2.4444718252409768E-012   4.0126821636905390E-002  0.51574818046696036     
   2.5893158869774276E-012   3.9348377321218098E-002  0.51406442897537952     
   2.7427424989415787E-012   3.8538309129929442E-002  0.51244259672897663     
   2.9052602092059299E-012   3.7701490754802919E-002  0.51088347762455943     
   3.0774076992107334E-012   3.6842732934499675E-002  0.50938734346894199     
   3.2597555692782412E-012   3.5966709122805980E-002  0.50795399089177828     
   3.4529082299253870E-012   3.5077909009135384E-002  0.50658278739317553     
   3.6575059052437878E-012   3.4180599946944105E-002  0.50527272591304073     
   3.8742267549874103E-012   3.3278789670829645E-002  0.50402247566653391     
   4.1037891224019377E-012   3.2376200019549078E-002  0.50283042409421097     
   4.3469539152462926E-012   3.1476253449020386E-002  0.50169474202034092     
   4.6045271278986298E-012   3.0582063838151576E-002  0.50061342120085128     
   4.8773625129065108E-012   2.9696429757406589E-002  0.49958431605456544     
   5.1663644108362784E-012   2.8821844774513161E-002  0.49860519229313316     
   5.4724907478017028E-012   2.7960498877562662E-002  0.49767375218662835     
   5.7967562106072046E-012   2.7114292285166788E-002  0.49678767131359408     
   6.1402356100302592E-012   2.6284851330571488E-002  0.49594462407900886     
   6.5040674433907994E-012   2.5473540429929168E-002  0.49514230863408693     
   6.8894576682160215E-012   2.4681485597123881E-002  0.49437846167511318     
   7.2976836995090657E-012   2.3909586825403430E-002  0.49365087773301558     
   7.7300986438705634E-012   2.3158541796529011E-002  0.49295741892386846     
   8.1881357845077919E-012   2.2428863219682075E-002  0.49229602847251924     
   8.6733133319973500E-012   2.1720897618557344E-002  0.49166473346749001     
   9.1872394565480252E-012   2.1034842506523006E-002  0.49106165221161380     
   9.7316176184442745E-012   2.0370764683303181E-002  0.49048499633130249     
   1.0308252214338042E-011   1.9728613752961262E-002  0.48993307238258421     
   1.0919054558104596E-011   1.9108241860646306E-002  0.48940428182854068     
   1.1566049216086357E-011   1.8509412216186159E-002  0.48889712049914891     
   1.2251380717723319E-011   1.7931815201063871E-002  0.48841017605827908     
   1.2977320663813643E-011   1.7375079741972034E-002  0.48794212500534578     
   1.3746275255964820E-011   1.6838783179188112E-002  0.48749173093097053     
   1.4560793272193110E-011   1.6322459828024698E-002  0.48705783997153018     
   1.5423574515106970E-011   1.5825611744346071E-002  0.48663937689050335     
   1.6337478760676535E-011   1.5347715124645027E-002  0.48623534145112862     
   1.7305535237251469E-011   1.4888225605619906E-002  0.48584480431487631     
   1.8330952666245470E-011   1.4446586277532623E-002  0.48546690250744756     
   1.9417129897769049E-011   1.4022232146392253E-002  0.48510083609151822     
   2.0567667176463190E-011   1.3614593579605811E-002  0.48474586357792110     
   2.1786378074875261E-011   1.3223100921166617E-002  0.48440129815975075     
   2.3077302133932451E-011   1.2847188026372788E-002  0.48406650407176449     
   2.4444718252409764E-011   1.2486294608192479E-002  0.48374089299788514     
   2.5893158869774276E-011   1.2139867667012310E-002  0.48342392060807260     
   2.7427424989415784E-011   1.1807365280281158E-002  0.48311508351697863     
   2.9052602092059298E-011   1.1488256241854502E-002  0.48281391607677815     
   3.0774076992107335E-011   1.1182022720622792E-002  0.48251998756770881     
   3.2597555692782420E-011   1.0888160401983440E-002  0.48223289964005467     
   3.4529082299253870E-011   1.0606179471335573E-002  0.48195228391666706     
   3.6575059052437883E-011   1.0335605334490083E-002  0.48167779962046348     
   3.8742267549874099E-011   1.0075978737717345E-002  0.48140913144543596     
   4.1037891224019372E-011   9.8268561911043373E-003  0.48114598792826074     
   4.3469539152462924E-011   9.5878101378648311E-003  0.48088809946526495     
   4.6045271278986303E-011   9.3584286394860963E-003  0.48063521689358613     
   4.8773625129065116E-011   9.1383159955476523E-003  0.48038710994914247     
   5.1663644108362789E-011   8.9270922121496513E-003  0.48014356614115622     
   5.4724907478017021E-011   8.7243930191545967E-003  0.47990438942160446     
   5.7967562106072048E-011   8.5298701234910543E-003  0.47966939917848178     
   6.1402356100302595E-011   8.3431905866522427E-003  0.47943842929219499     
   6.5040674433907998E-011   8.1640375288565738E-003  0.47921132714641940     
   6.8894576682160224E-011   7.9921093898684768E-003  0.47898795278658901     
   7.2976836995090650E-011   7.8271204123422020E-003  0.47876817800482635     
   7.7300986438705624E-011   7.6688003983953288E-003  0.47855188555146411     
   8.1881357845077913E-011   7.5168948736946978E-003  0.47833896826849392     
   8.6733133319973494E-011   7.3711649265670379E-003  0.47812932819697662     
   9.1872394565480235E-011   7.2313872943586301E-003  0.47792287572919712     
   9.7316176184442738E-011   7.0973541067374021E-003  0.47771952873376977     
   1.0308252214338043E-010   6.9688730552668037E-003  0.47751921162106337     
   1.0919054558104594E-010   6.8457668392003807E-003  0.47732185456460019     
   1.1566049216086358E-010   6.7278731063337054E-003  0.47712739261305848     
   1.2251380717723320E-010   6.6150439982657133E-003  0.47693576492203027     
   1.2977320663813646E-010   6.5071458973866604E-003  0.47674691404604619     
   1.3746275255964819E-010   6.4040588386950707E-003  0.47656078531091284     
   1.4560793272193108E-010   6.3056760775324029E-003  0.47637732625353485     
   1.5423574515106970E-010   6.2119037632878075E-003  0.47619648618693228     
   1.6337478760676534E-010   6.1226602218066922E-003  0.47601821582682563     
   1.7305535237251471E-010   6.0378757875736181E-003  0.47584246702022159     
   1.8330952666245474E-010   5.9574922501830696E-003  0.47566919254502077     
   1.9417129897769049E-010   5.8814626081195656E-003  0.47549834599040069     
   2.0567667176463193E-010   5.8097507516072996E-003  0.47532988164320228     
   2.1786378074875259E-010   5.7423312924479476E-003  0.47516375447799036     
   2.3077302133932448E-010   5.6791894259972308E-003  0.47499992012975406     
   2.4444718252409766E-010   5.6203208489654603E-003  0.47483833488455823     
   2.5893158869774284E-010   5.5657318667528934E-003  0.47467895569025226     
   2.7427424989415788E-010   5.5154392773385866E-003  0.47452174016860643     
   2.9052602092059301E-010   5.4694706726009694E-003  0.47436664659863426     
   3.0774076992107330E-010   5.4278645590501223E-003  0.47421363391101656     
   3.2597555692782413E-010   5.3906705398250399E-003  0.47406266165553845     
   3.4529082299253875E-010   5.3579496188882114E-003  0.47391368996042432     
   3.6575059052437884E-010   5.3297745685390542E-003  0.47376667946619511     
   3.8742267549874102E-010   5.3062301680567754E-003  0.47362159125704179     
   4.1037891224019373E-010   5.2874137852145934E-003  0.47347838675470771     
   4.3469539152462921E-010   5.2734355722682136E-003  0.47333702762264962     
   4.6045271278986304E-010   5.2644191589626592E-003  0.47319747562554848     
   4.8773625129065111E-010   5.2605020229321807E-003  0.47305969249542523     
   5.1663644108362775E-010   5.2618361025313452E-003  0.47292363976671259     
   5.4724907478017020E-010   5.2685883888454752E-003  0.47278927859967063     
   5.7967562106072052E-010   5.2809415207840504E-003  0.47265656958891633     
   6.1402356100302593E-010   5.2990945148630531E-003  0.47252547254333754     
   6.5040674433908001E-010   5.3232634615332326E-003  0.47239594625323611     
   6.8894576682160219E-010   5.3536823169012399E-003  0.47226794823283053     
   7.2976836995090655E-010   5.3906037318671328E-003  0.47214143443457607     
   7.7300986438705619E-010   5.4342999065213225E-003  0.47201635894046728     
   8.1881357845077923E-010   5.4850635827638139E-003  0.47189267361572035     
   8.6733133319973486E-010   5.5432090125559427E-003  0.47177032773254868     
   9.1872394565480238E-010   5.6090730275692559E-003  0.47164926755077929     
   9.7316176184442723E-010   5.6830161902588936E-003  0.47152943585412610     
   1.0308252214338041E-009   5.7654239816243968E-003  0.47141077143943905     
   1.0919054558104593E-009   5.8567080882882833E-003  0.47129320854502826     
   1.1566049216086354E-009   5.9573077509868805E-003  0.47117667621855042     
   1.2251380717723319E-009   6.0676912156509633E-003  0.47106109761081799     
   1.2977320663813643E-009   6.1883572373551167E-003  0.47094638919216208     
   1.3746275255964821E-009   6.3198367034638077E-003  0.47083245987555716     
   1.4560793272193109E-009   6.4626943223813826E-003  0.47071921004203354     
   1.5423574515106970E-009   6.6175304228242200E-003  0.47060653044829592     
   1.6337478760676534E-009   6.7849828449418051E-003  0.47049430101046813     
   1.7305535237251468E-009   6.9657289358972608E-003  0.47038238944393507     
   1.8330952666245471E-009   7.1604876344599760E-003  0.47027064974281468     
   1.9417129897769046E-009   7.3700216849456228E-003  0.47015892048200542     
   2.0567667176463192E-009   7.5951399340662791E-003  0.47004702291875772     
   2.1786378074875260E-009   7.8366997524889539E-003  0.46993475886990255     
   2.3077302133932452E-009   8.0956095565774683E-003  0.46982190834068188     
   2.4444718252409764E-009   8.3728314374400380E-003  0.46970822687410213     
   2.5893158869774279E-009   8.6693839034249227E-003  0.46959344258842145     
   2.7427424989415785E-009   8.9863447098237972E-003  0.46947725286865793     
   2.9052602092059296E-009   9.3248537936207049E-003  0.46935932067045527     
   3.0774076992107333E-009   9.6861162996919360E-003  0.46923927039299518     
   3.2597555692782413E-009   1.0071405670402352E-002  0.46911668327350309     
   3.4529082299253875E-009   1.0482066807234840E-002  0.46899109224749602     
   3.6575059052437879E-009   1.0919519265867208E-002  0.46886197621899550     
   3.8742267549874094E-009   1.1385260479508668E-002  0.46872875367327521     
   4.1037891224019366E-009   1.1880868967274621E-002  0.46859077556295226     
   4.3469539152462921E-009   1.2408007489160851E-002  0.46844731739143386     
   4.6045271278986302E-009   1.2968426117427937E-002  0.46829757040741593     
   4.8773625129065117E-009   1.3563965146844907E-002  0.46814063182331606     
   5.1663644108362779E-009   1.4196557799631368E-002  0.46797549395763055     
   5.4724907478017016E-009   1.4868232626867360E-002  0.46780103219909924     
   5.7967562106072048E-009   1.5581115520394234E-002  0.46761599168226420     
   6.1402356100302587E-009   1.6337431203628162E-002  0.46741897255895426     
   6.5040674433907995E-009   1.7139504091324344E-002  0.46720841374504085     
   6.8894576682160217E-009   1.7989758323146379E-002  0.46698257502125096     
   7.2976836995090645E-009   1.8890716804281355E-002  0.46673951736421881     
   7.7300986438705631E-009   1.9844999014310635E-002  0.46647708138850363     
   8.1881357845077927E-009   2.0855317323508205E-002  0.46619286378749053     
   8.6733133319973494E-009   2.1924471514589868E-002  0.46588419167377809     
   9.1872394565480238E-009   2.3055341151844426E-002  0.46554809474086406     
   9.7316176184442727E-009   2.4250875392570495E-002  0.46518127519735974     
   1.0308252214338041E-008   2.5514079767261940E-002  0.46478007546771033     
   1.0919054558104593E-008   2.6847999409444805E-002  0.46434044370923261     
   1.1566049216086357E-008   2.8255698129040996E-002  0.46385789726991317     
   1.2251380717723320E-008   2.9740232661164514E-002  0.46332748430920678     
   1.2977320663813645E-008   3.1304621350205342E-002  0.46274374392577855     
   1.3746275255964821E-008   3.2951806461972863E-002  0.46210066529114563     
   1.4560793272193109E-008   3.4684609251727110E-002  0.46139164647851938     
   1.5423574515106970E-008   3.6505676862333844E-002  0.46060945390842217     
   1.6337478760676535E-008   3.8417420113032771E-002  0.45974618361099345     
   1.7305535237251470E-008   4.0421941223473652E-002  0.45879322583507931     
   1.8330952666245453E-008   4.2520950578577160E-002  0.45774123491737606     
   1.9417129897769045E-008   4.4715671737337655E-002  0.45658010676216187     
   2.0567667176463190E-008   4.7006734083663397E-002  0.45529896676853404     
   2.1786378074875283E-008   4.9394052788232709E-002  0.45388617157205463     
   2.3077302133932452E-008   5.1876696177106094E-002  0.45232932851862545     
   2.4444718252409741E-008   5.4452741152451863E-002  0.45061533733697645     
   2.5893158869774279E-008   5.7119118049617688E-002  0.44873045898309605     
   2.7427424989415785E-008   5.9871447243978783E-002  0.44666041703637360     
   2.9052602092059327E-008   6.2703870962536143E-002  0.44439053726322225     
   3.0774076992107337E-008   6.5608885093341007E-002  0.44190593094023539     
   3.2597555692782383E-008   6.8577177317755991E-002  0.43919172713068277     
   3.4529082299253872E-008   7.1597479548025103E-002  0.43623335822276310     
   3.6575059052437881E-008   7.4656444348669054E-002  0.43301690153108913     
   3.8742267549874142E-008   7.7738556624830951E-002  0.42952947752153514     
   4.1037891224019371E-008   8.0826093178203828E-002  0.42575970215366332     
   4.3469539152462887E-008   8.3899143534551732E-002  0.42169818691183258     
   4.6045271278986299E-008   8.6935705454990603E-002  0.41733807536899781     
   4.8773625129065110E-008   8.9911867473261825E-002  0.41267559977003970     
   5.1663644108362835E-008   9.2802088375086952E-002  0.40771063545395619     
   5.4724907478017017E-008   9.5579579572797710E-002  0.40244722544045736     
   5.7967562106071983E-008   9.8216790740619203E-002  0.39689404282533675     
   6.1402356100302588E-008  0.10068599202364882       0.39106475551852266     
   6.5040674433908008E-008  0.10295993797624328       0.38497825710742922     
   6.8894576682160293E-008  0.10501258979425607       0.37865872995949090     
   7.2976836995090660E-008  0.10681986427028949       0.37213551257601313     
   7.7300986438705548E-008  0.10836037130450550       0.36544275280224076     
   8.1881357845077931E-008  0.10961609783439548       0.35861884141115569     
   8.6733133319973478E-008  0.11057299563566038       0.35170563589455744     
   9.1872394565480351E-008  0.11122143416908492       0.34474750058610537     
   9.7316176184442734E-008  0.11155648753059028       0.33779020473414612     
   1.0308252214338029E-007  0.11157803601413788       0.33087973295165407     
   1.0919054558104595E-007  0.11129067665175207       0.32406107092572772     
   1.1566049216086356E-007  0.11070345171658556       0.31737703219734997     
   1.2251380717723333E-007  0.10982941779327576       0.31086718878167646     
   1.2977320663813642E-007  0.10868508897014496       0.30456695976398529     
   1.3746275255964808E-007  0.10728979476832648       0.29850689889360577     
   1.4560793272193109E-007  0.10566499599609532       0.29271220627020139     
   1.5423574515106968E-007  0.10383359988964916       0.28720247237304908     
   1.6337478760676550E-007  0.10181931038901376       0.28199164675667565     
   1.7305535237251470E-007   9.9646041337711613E-002  0.27708821022288632     
   1.8330952666245453E-007   9.7337411122823209E-002  0.27249551916984655     
   1.9417129897769050E-007   9.4916328051238785E-002  0.26821228455719132     
   2.0567667176463191E-007   9.2404667626198547E-002  0.26423314543406656     
   2.1786378074875282E-007   8.9823036502390222E-002  0.26054929779557945     
   2.3077302133932446E-007   8.7190613551865831E-002  0.25714914294864405     
   2.4444718252409739E-007   8.4525056115905564E-002  0.25401892477246829     
   2.5893158869774280E-007   8.1842458859035433E-002  0.25114333145693063     
   2.7427424989415783E-007   7.9157353254604990E-002  0.24850604380014121     
   2.9052602092059327E-007   7.6482737160298686E-002  0.24609021839377490     
   3.0774076992107333E-007   7.3830125761239748E-002  0.24387889962814621     
   3.2597555692782383E-007   7.1209617044547091E-002  0.24185535916860984     
   3.4529082299253871E-007   6.8629966692484903E-002  0.24000336527775065     
   3.6575059052437880E-007   6.6098668719648423E-002  0.23830738707933366     
   3.8742267549874134E-007   6.3622039292627067E-002  0.23675274064841662     
   4.1037891224019369E-007   6.1205301972208456E-002  0.23532568478706647     
   4.3469539152462881E-007   5.8852673160765825E-002  0.23401347465351682     
   4.6045271278986300E-007   5.6567446880573038E-002  0.23280438120797689     
   4.8773625129065110E-007   5.4352078215322730E-002  0.23168768386974573     
   5.1663644108362831E-007   5.2208264867027884E-002  0.23065364298086105     
   5.4724907478017013E-007   5.0137026352441112E-002  0.22969345775235253     
   5.7967562106071988E-007   4.8138780412311934E-002  0.22879921441933196     
   6.1402356100302580E-007   4.6213416248665040E-002  0.22796382841477592     
   6.5040674433908005E-007   4.4360364247075713E-002  0.22718098353422736     
   6.8894576682160288E-007   4.2578661884518650E-002  0.22644507032847205     
   7.2976836995090652E-007   4.0867015570496025E-002  0.22575112534321920     
   7.7300986438705546E-007   3.9223858217339237E-002  0.22509477232055725     
   8.1881357845077920E-007   3.7647402384827638E-002  0.22447216608393825     
   8.6733133319973491E-007   3.6135688893828066E-002  0.22387993953066376     
   9.1872394565480351E-007   3.4686630853199646E-002  0.22331515394186793     
   9.7316176184442742E-007   3.3298053093107433E-002  0.22277525267386297     
   1.0308252214338029E-006   3.1967727047665484E-002  0.22225801820027871     
   1.0919054558104592E-006   3.0693401177538025E-002  0.22176153242034494     
   1.1566049216086358E-006   2.9472827071363436E-002  0.22128414012163902     
   1.2251380717723332E-006   2.8303781409728068E-002  0.22082441547559359     
   1.2977320663813645E-006   2.7184084018156182E-002  0.22038113144512489     
   1.3746275255964808E-006   2.6111612273680317E-002  0.21995323198774930     
   1.4560793272193110E-006   2.5084312161393660E-002  0.21953980694216099     
   1.5423574515106969E-006   2.4100206303422245E-002  0.21914006948875181     
   1.6337478760676550E-006   2.3157399299788446E-002  0.21875333607345765     
   1.7305535237251469E-006   2.2254080729902453E-002  0.21837900867948803     
   1.8330952666245454E-006   2.1388526163666745E-002  0.21801655932465902     
   1.9417129897769058E-006   2.0559096523283058E-002  0.21766551665234982     
   2.0567667176463181E-006   1.9764236120826086E-002  0.21732545447474766     
   2.1786378074875278E-006   1.9002469674586027E-002  0.21699598211789720     
   2.3077302133932450E-006   1.8272398579302969E-002  0.21667673641091489     
   2.4444718252409739E-006   1.7572696674304941E-002  0.21636737515693677     
   2.5893158869774292E-006   1.6902105720194380E-002  0.21606757192228776     
   2.7427424989415773E-006   1.6259430760664328E-002  0.21577701198140253     
   2.9052602092059327E-006   1.5643535513059172E-002  0.21549538926053102     
   3.0774076992107334E-006   1.5053337900032890E-002  0.21522240413042343     
   3.2597555692782382E-006   1.4487805806213597E-002  0.21495776190830335     
   3.4529082299253887E-006   1.3945953118554344E-002  0.21470117194069893     
   3.6575059052437865E-006   1.3426836087559272E-002  0.21445234715152331     
   3.8742267549874138E-006   1.2929550028357734E-002  0.21421100395273127     
   4.1037891224019372E-006   1.2453226366154188E-002  0.21397686242762451     
   4.3469539152462874E-006   1.1997030019102420E-002  0.21374964671014482     
   4.6045271278986329E-006   1.1560157103049440E-002  0.21352908549477043     
   4.8773625129065095E-006   1.1141832936464457E-002  0.21331491262322716     
   5.1663644108362837E-006   1.0741310319820518E-002  0.21310686770407400     
   5.4724907478017016E-006   1.0357868061380452E-002  0.21290469673045964     
   5.7967562106071984E-006   9.9908097202617684E-003  0.21270815266922100     
   6.1402356100302623E-006   9.6394625379540855E-003  0.21251699600150453     
   6.5040674433907963E-006   9.3031765303173784E-003  0.21233099520136506     
   6.8894576682160290E-006   8.9813237137758885E-003  0.21214992714344871     
   7.2976836995090650E-006   8.6732974414307218E-003  0.21197357743563638     
   7.7300986438705552E-006   8.3785118271650725E-003  0.21180174067552326     
   8.1881357845077969E-006   8.0964012382949962E-003  0.21163422063265280     
   8.6733133319973447E-006   7.8264198398213282E-003  0.21147083036056816     
   9.1872394565480336E-006   7.5680411758390111E-003  0.21131139224408466     
   9.7316176184442725E-006   7.3207577759685401E-003  0.21115573798872214     
   1.0308252214338031E-005   7.0840807769181205E-003  0.21100370855937539     
   1.0919054558104601E-005   6.8575395512513538E-003  0.21085515407648223     
   1.1566049216086351E-005   6.6406813371986560E-003  0.21070993367737742     
   1.2251380717723333E-005   6.4330708649628886E-003  0.21056791535082739     
   1.2977320663813644E-005   6.2342899762156878E-003  0.21042897575273323     
   1.3746275255964806E-005   6.0439372347457099E-003  0.21029300001032811     
   1.4560793272193116E-005   5.8616275270505589E-003  0.21015988152224421     
   1.5423574515106961E-005   5.6869916525252584E-003  0.21002952176125103     
   1.6337478760676553E-005   5.5196759034970410E-003  0.20990183008638841     
   1.7305535237251470E-005   5.3593416358898123E-003  0.20977672357047594     
   1.8330952666245457E-005   5.2056648316367738E-003  0.20965412684931356     
   1.9417129897769059E-005   5.0583356543462852E-003  0.20953397199809579     
   2.0567667176463180E-005   4.9170579998632103E-003  0.20941619844049278     
   2.1786378074875278E-005   4.7815490435427835E-003  0.20930075289623704     
   2.3077302133932445E-005   4.6515387861251470E-003  0.20918758937207182     
   2.4444718252409746E-005   4.5267696001031225E-003  0.20907666920182619     
   2.5893158869774294E-005   4.4069957784787610E-003  0.20896796114087335     
   2.7427424989415770E-005   4.2919830876696902E-003  0.20886144152081826     
   2.9052602092059321E-005   4.1815083263043841E-003  0.20875709447033272     
   3.0774076992107331E-005   4.0753588914268606E-003  0.20865491220853560     
   3.2597555692782391E-005   3.9733323535451545E-003  0.20855489541798819     
   3.4529082299253886E-005   3.8752360417505741E-003  0.20845705370494777     
   3.6575059052437861E-005   3.7808866399892255E-003  0.20836140615533982     
   3.8742267549874124E-005   3.6901097953932183E-003  0.20826798199601010     
   4.1037891224019368E-005   3.6027397394224909E-003  0.20817682137199783     
   4.3469539152462896E-005   3.5186189224238624E-003  0.20808797625192485     
   4.6045271278986332E-005   3.4375976620640049E-003  0.20800151147503507     
   4.8773625129065085E-005   3.3595338060020707E-003  0.20791750595552969     
   5.1663644108362827E-005   3.2842924090524376E-003  0.20783605406166131     
   5.4724907478017014E-005   3.2117454250123693E-003  0.20775726718952869     
   5.7967562106071998E-005   3.1417714132624245E-003  0.20768127555409405     
   6.1402356100302612E-005   3.0742552602226968E-003  0.20760823022318198     
   6.5040674433907973E-005   3.0090879156882064E-003  0.20753830542342144     
   6.8894576682160271E-005   2.9461661440842776E-003  0.20747170115118238     
   7.2976836995090655E-005   2.8853922906705749E-003  0.20740864612609838     
   7.7300986438705562E-005   2.8266740627417462E-003  0.20734940112970612     
   8.1881357845077949E-005   2.7699243259049202E-003  0.20729426277774990     
   8.6733133319973453E-005   2.7150609155580344E-003  0.20724356778128672     
   9.1872394565480309E-005   2.6620064637469226E-003  0.20719769775958180     
   9.7316176184442742E-005   2.6106882416581578E-003  0.20715708467647792     
   1.0308252214338033E-004   2.5610380180860460E-003  0.20712221698245162     
   1.0919054558104599E-004   2.5129919343139912E-003  0.20709364655614071     
   1.1566049216086351E-004   2.4664903959951915E-003  0.20707199655334901     
   1.2251380717723327E-004   2.4214779827178875E-003  0.20705797028725195     
   1.2977320663813644E-004   2.3779033761849458E-003  0.20705236128285534     
   1.3746275255964810E-004   2.3357193080700391E-003  0.20705606467060464     
   1.4560793272193115E-004   2.2948825289135447E-003  0.20707009011059505     
   1.5423574515106963E-004   2.2553537996777917E-003  0.20709557646947291     
   1.6337478760676546E-004   2.2170979079610756E-003  0.20713380850963700     
   1.7305535237251466E-004   2.1800837112676149E-003  0.20718623589389629     
