   4.8724399023368888E+024   6151899.9023437500       0.31566761983705677     
   0.000000000000000000000   0.000000000000000000000  0.84083797999055299
   6.1187982223076042E-016   2.0137009228892342E-004  0.84083797999055299     
   6.4813598105875088E-016   2.0618197945122937E-004  0.84083931430469128     
   6.8654045235791632E-016   2.1286398832202788E-004  0.84083850164974827     
   7.2722053164502448E-016   2.1185779582051154E-004  0.84082668019438034     
   7.7031105717040139E-016   2.1639781930846085E-004  0.84082807353152800     
   8.1595485685300388E-016   2.2020997922287080E-004  0.84082408883114723     
   8.6430322169804654E-016   2.2420628303118824E-004  0.84082039762051175     
   9.1551640726638495E-016   2.2835923646242638E-004  0.84081779627454434     
   9.6976416485784691E-016   2.3368898493207680E-004  0.84081422998883470     
   1.0272263041691179E-015   2.3921001926340891E-004  0.84081104244053007     
   1.0880932892912378E-015   2.4503163066484163E-004  0.84080772235945289     
   1.1525668700221539E-015   2.5173431549650629E-004  0.84080466842529455     
   1.2208607505868908E-015   2.5861765649805388E-004  0.84080164559521431     
   1.2932012979819058E-015   2.6616796102316246E-004  0.84079870912966492     
   1.3698282922914403E-015   2.7438001772886228E-004  0.84079583846217010     
   1.4509957214629533E-015   2.8309431617674598E-004  0.84079301174721111     
   1.5369726231759423E-015   2.9247502564985490E-004  0.84079031203527899     
   1.6280439765946210E-015   3.0251794525464542E-004  0.84078768117860747     
   1.7245116469603008E-015   3.1327168595451417E-004  0.84078510506320558     
   1.8266953861543215E-015   3.2474631833370965E-004  0.84078266342509600     
   1.9349338925481329E-015   3.3699009421032868E-004  0.84078031868136283     
   2.0495859336534040E-015   3.5004350930399651E-004  0.84077808047426883     
   2.1710315352933322E-015   3.6393576822949349E-004  0.84077596849627878     
   2.2996732412368333E-015   3.7871702066327804E-004  0.84077399451372448     
   2.4359374474706472E-015   3.9442150030910030E-004  0.84077216992886783     
   2.5802758155321421E-015   4.1109568812898564E-004  0.84077050737679460     
   2.7331667695872904E-015   4.2878834828978708E-004  0.84076902675882148     
   2.8951170822161049E-015   4.4754583585072597E-004  0.84076774413845201     
   3.0666635541618149E-015   4.6741894978312513E-004  0.84076667972875618     
   3.2483747936113298E-015   4.8845950880762787E-004  0.84076585367046264     
   3.4408531009048106E-015   5.1071965992595099E-004  0.84076528857136879     
   3.6447364649212496E-015   5.3425246459788689E-004  0.84076500836820622     
   3.8607006777573233E-015   5.5911335777639572E-004  0.84076503841959560     
   4.0894615747089337E-015   5.8535667361676196E-004  0.84076540482250572     
   4.3317774069798224E-015   6.1303824211107370E-004  0.84076613541198819     
   4.5884513549821974E-015   6.4221217388059945E-004  0.84076725847438272     
   4.8603341905596762E-015   6.7293273332093739E-004  0.84076880252789521     
   5.1483270969568629E-015   7.0525234592299464E-004  0.84077079623911222     
   5.4533846558827379E-015   7.3922183874258632E-004  0.84077326791557783     
   5.7765180115684628E-015   7.7488979103753502E-004  0.84077624420889396     
   6.1187982223076046E-015   8.1230219172108160E-004  0.84077974964781399     
   6.4813598105875082E-015   8.5150199992681491E-004  0.84078380579875955     
   6.8654045235791628E-015   8.9252922085522406E-004  0.84078842978691992     
   7.2722053164502450E-015   9.3542057747846713E-004  0.84079363292854226     
   7.7031105717040135E-015   9.8020999130235716E-004  0.84079941960306093     
   8.1595485685300390E-015   1.0269288302695756E-003  0.84080578532112671     
   8.6430322169804644E-015   1.0756069013979702E-003  0.84081271526240142     
   9.1551640726638495E-015   1.1262734298475290E-003  0.84082018268273373     
   9.6976416485784703E-015   1.1789587155793095E-003  0.84082814736914868     
   1.0272263041691175E-014   1.2336959522704415E-003  0.84083655428309645     
   1.0880932892912378E-014   1.2905235741703964E-003  0.84084533260585215     
   1.1525668700221539E-014   1.3494878659678262E-003  0.84085439505375981     
   1.2208607505868906E-014   1.4106457552475987E-003  0.84086363773454942     
   1.2932012979819061E-014   1.4740678931566872E-003  0.84087294061964346     
   1.3698282922914402E-014   1.5398415671990350E-003  0.84088216854214892     
   1.4509957214629534E-014   1.6080735980597408E-003  0.84089117287120874     
   1.5369726231759424E-014   1.6788928532776809E-003  0.84089979374262869     
   1.6280439765946213E-014   1.7524523925712548E-003  0.84090786273597706     
   1.7245116469603007E-014   1.8289309734335630E-003  0.84091520595675673     
   1.8266953861543217E-014   1.9085339897336095E-003  0.84092164727957330     
   1.9349338925481331E-014   1.9914937500523067E-003  0.84092701160429684     
   2.0495859336534037E-014   2.0780690633743480E-003  0.84093112793401414     
   2.1710315352933321E-014   2.1685443402862836E-003  0.84093383213550432     
   2.2996732412368330E-014   2.2632282128271924E-003  0.84093496919509669     
   2.4359374474706474E-014   2.3624518447401340E-003  0.84093439493429645     
   2.5802758155321421E-014   2.4665671688591274E-003  0.84093197708023404     
   2.7331667695872908E-014   2.5759450825750710E-003  0.84092759572392084     
   2.8951170822161049E-014   2.6909739087769770E-003  0.84092114316279865     
   3.0666635541618149E-014   2.8120580892170544E-003  0.84091252321974308     
   3.2483747936113296E-014   2.9396173493976560E-003  0.84090165007613793     
   3.4408531009048103E-014   3.0740862981442655E-003  0.84088844672709151     
   3.6447364649212494E-014   3.2159145423279211E-003  0.84087284312017774     
   3.8607006777573241E-014   3.3655672886182646E-003  0.84085477404808151     
   4.0894615747089324E-014   3.5235264298517440E-003  0.84083417683546080     
   4.3317774069798219E-014   3.6902920185174909E-003  0.84081098887940720     
   4.5884513549821982E-014   3.8663841081537234E-003  0.84078514502378510     
   4.8603341905596751E-014   4.0523448399136033E-003  0.84075657481179222     
   5.1483270969568627E-014   4.2487407097812433E-003  0.84072519958513570     
   5.4533846558827390E-014   4.4561649071534828E-003  0.84069092944123669     
   5.7765180115684621E-014   4.6752396515673264E-003  0.84065366002779973     
   6.1187982223076043E-014   4.9066184265016324E-003  0.84061326918233958     
   6.4813598105875092E-014   5.1509880296698339E-003  0.84056961340143566     
   6.8654045235791636E-014   5.4090703824954574E-003  0.84052252415267237     
   7.2722053164502447E-014   5.6816240229888380E-003  0.84047180405323330     
   7.7031105717040128E-014   5.9694452235272734E-003  0.84041722290294907     
   8.1595485685300381E-014   6.2733687121403021E-003  0.84035851363736713     
   8.6430322169804666E-014   6.5942679351798563E-003  0.84029536819792661     
   9.1551640726638492E-014   6.9330548643961988E-003  0.84022743337051020     
   9.6976416485784694E-014   7.2906793013236193E-003  0.84015430663248791     
   1.0272263041691177E-013   7.6681276701411867E-003  0.84007553204269936     
   1.0880932892912377E-013   8.0664213066804821E-003  0.83999059623531402     
   1.1525668700221538E-013   8.4866142039933777E-003  0.83989892455450643     
   1.2208607505868907E-013   8.9297902265185105E-003  0.83979987741386630     
   1.2932012979819061E-013   9.3970597910559787E-003  0.83969274693806051     
   1.3698282922914400E-013   9.8895560059940567E-003  0.83957675397484044     
   1.4509957214629534E-013   1.0408430298636091E-002  0.83945104558271999     
   1.5369726231759426E-013   1.0954847537194626E-002  0.83931469310245621     
   1.6280439765946210E-013   1.1529980719458472E-002  0.83916669094189389     
   1.7245116469603008E-013   1.2135005284506164E-002  0.83900595622396690     
   1.8266953861543216E-013   1.2771093170599145E-002  0.83883132944525485     
   1.9349338925481331E-013   1.3439406778688026E-002  0.83864157629859748     
   2.0495859336534035E-013   1.4141093045171211E-002  0.83843539080979623     
   2.1710315352933325E-013   1.4877277907958555E-002  0.83821139990439664     
   2.2996732412368332E-013   1.5649061498780221E-002  0.83796816949682928     
   2.4359374474706471E-013   1.6457514470385202E-002  0.83770421209215118     
   2.5802758155321413E-013   1.7303675930518399E-002  0.83741799584542798     
   2.7331667695872905E-013   1.8188553491808011E-002  0.83710795485350309     
   2.8951170822161046E-013   1.9113125983758805E-002  0.83677250032685602     
   3.0666635541618146E-013   2.0078349353713401E-002  0.83641003210894704     
   3.2483747936113299E-013   2.1085166222604101E-002  0.83601894979126623     
   3.4408531009048106E-013   2.2134519452666281E-002  0.83559766248301104     
   3.6447364649212493E-013   2.3227369877796018E-002  0.83514459609793679     
   3.8607006777573243E-013   2.4364718105077159E-002  0.83465819685085363     
   4.0894615747089328E-013   2.5547629942799750E-002  0.83413692957295604     
   4.3317774069798227E-013   2.6777264633374188E-002  0.83357926944571270     
   4.5884513549821972E-013   2.8054904636034491E-002  0.83298368587960703     
   4.8603341905596752E-013   2.9381985278757176E-002  0.83234861751170131     
   5.1483270969568616E-013   3.0760122232607538E-002  0.83167243771441868     
   5.4533846558827387E-013   3.2191134457498036E-002  0.83095341054311034     
   5.7765180115684631E-013   3.3677060147984696E-002  0.83018963769671428     
   6.1187982223076048E-013   3.5220163236781087E-002  0.82937899778526580     
   6.4813598105875084E-013   3.6822928268113439E-002  0.82851907990469142     
   6.8654045235791638E-013   3.8488041875378000E-002  0.82760711413439603     
   7.2722053164502449E-013   4.0218359756766860E-002  0.82663990208780469     
   7.7031105717040138E-013   4.2016858745924111E-002  0.82561375091260225     
   8.1595485685300381E-013   4.3886574405832712E-002  0.82452441422736611     
   8.6430322169804656E-013   4.5830525344309973E-002  0.82336704327824772     
   9.1551640726638471E-013   4.7851626155723907E-002  0.82213615124532058     
   9.6976416485784711E-013   4.9952591444938299E-002  0.82082559306398595     
   1.0272263041691177E-012   5.2135833763426197E-002  0.81942856247069318     
   1.0880932892912377E-012   5.4403358483531644E-002  0.81793760730712151     
   1.1525668700221539E-012   5.6756658635406652E-002  0.81634466342552603     
   1.2208607505868906E-012   5.9196612606815725E-002  0.81464110695535630     
   1.2932012979819060E-012   6.1723387358604317E-002  0.81281782416007420     
   1.3698282922914403E-012   6.4336349503571574E-002  0.81086529773287241     
   1.4509957214629534E-012   6.7033986262677189E-002  0.80877370806254267     
   1.5369726231759425E-012   6.9813837976266294E-002  0.80653304779091584     
   1.6280439765946211E-012   7.2672443540975212E-002  0.80413324784452000     
   1.7245116469603007E-012   7.5605299848676380E-002  0.80156431301363751     
   1.8266953861543218E-012   7.8606836055845439E-002  0.79881646510153126     
   1.9349338925481334E-012   8.1670403280474826E-002  0.79588029160963936     
   2.0495859336533993E-012   8.4788280122386789E-002  0.79274689791801045     
   2.1710315352933370E-012   8.7951694222357574E-002  0.78940806088426463     
   2.2996732412368327E-012   9.1150859916336854E-002  0.78585638179357931     
   2.4359374474706476E-012   9.4375031904813611E-002  0.78208543657397500     
   2.5802758155321420E-012   9.7612574737834495E-002  0.77808992119284581     
   2.7331667695872850E-012  0.10085104783133221       0.77386579009688783     
   2.8951170822161106E-012  0.10407730562468634       0.76941038553183183     
   3.0666635541618149E-012  0.10727761241576327       0.76472255546310353     
   3.2483747936113301E-012  0.11043777129572811       0.75980275768209848     
   3.4408531009048108E-012  0.11354326643711385       0.75465314754187751     
   3.6447364649212417E-012  0.11657941777145457       0.74927764657208018     
   3.8607006777573313E-012  0.11953154676878779       0.74368198908348004     
   4.0894615747089325E-012  0.12238515161964068       0.73787374379630755     
   4.3317774069798224E-012  0.12512608959742533       0.73186230757549375     
   4.5884513549821976E-012  0.12774076380625518       0.72565886859417950     
   4.8603341905596653E-012  0.13021631089135369       0.71927633669908408     
   5.1483270969568721E-012  0.13254078570703565       0.71272923947223532     
   5.4533846558827383E-012  0.13470333842995880       0.70603358345430123     
   5.7765180115684631E-012  0.13669437926930125       0.69920668119477025     
   6.1187982223076046E-012  0.13850572581125803       0.69226694616346274     
   6.4813598105874955E-012  0.14013072820074696       0.68523365900066158     
   6.8654045235791771E-012  0.14156436771017844       0.67812671009721581     
   7.2722053164502445E-012  0.14280332536548321       0.67096632439107717     
   7.7031105717040130E-012  0.14384601741309008       0.66377277618173036     
   8.1595485685300383E-012  0.14469259678146873       0.65656610121304215     
   8.6430322169804471E-012  0.14534491991216575       0.64936581464212717     
   9.1551640726638689E-012  0.14580648020019901       0.64219064275918614     
   9.6976416485784691E-012  0.14608231031555596       0.63505827594653774     
   1.0272263041691177E-011  0.14617885677339248       0.62798514934661165     
   1.0880932892912378E-011  0.14610383090041176       0.62098625664819995     
   1.1525668700221517E-011  0.14586604107789597       0.61407500043977203     
   1.2208607505868933E-011  0.14547521117080661       0.60726308191508749     
   1.2932012979819061E-011  0.14494179036385813       0.60056043033358453     
   1.3698282922914402E-011  0.14427675924616953       0.59397517176499237     
   1.4509957214629532E-011  0.14349143665461908       0.58751363525949851     
   1.5369726231759394E-011  0.14259729123267992       0.58118039364476071     
   1.6280439765946247E-011  0.14160576107075346       0.57497833543991017     
   1.7245116469603010E-011  0.14052808415031115       0.56890876394754530     
   1.8266953861543218E-011  0.13937514171861634       0.56297151939499424     
   1.9349338925481334E-011  0.13815731618939095       0.55716512002152507     
   2.0495859336533997E-011  0.13688436473101900       0.55148691818947360     
   2.1710315352933371E-011  0.13556530938196765       0.54593326788747565     
   2.2996732412368330E-011  0.13420834432865039       0.54049970032278516     
   2.4359374474706472E-011  0.13282076088360531       0.53518110461825341     
   2.5802758155321416E-011  0.13140889068546410       0.52997191088803752     
   2.7331667695872848E-011  0.12997806768416903       0.52486627312308087     
   2.8951170822161107E-011  0.12853260953145221       0.51985824935689096     
   3.0666635541618147E-011  0.12707581903387971       0.51494197649225526     
   3.2483747936113293E-011  0.12561000616608001       0.51011183693233542     
   3.4408531009048108E-011  0.12413653129729536       0.50536261400924298     
   3.6447364649212424E-011  0.12265586941946573       0.50068963267751476     
   3.8607006777573318E-011  0.12116769517853825       0.49608888193197609     
   4.0894615747089324E-011  0.11967098751164705       0.49155711514334494     
   4.3317774069798224E-011  0.11816415194552475       0.48709192467214224     
   4.5884513549821979E-011  0.11664515763762195       0.48269178750572617     
   4.8603341905596658E-011  0.11511168525225696       0.47835607940491909     
   5.1483270969568737E-011  0.11356128085092428       0.47408505613416430     
   5.4533846558827384E-011  0.11199151023084201       0.46987980175507138     
   5.7765180115684635E-011  0.11040010770096612       0.46574214559747384     
   6.1187982223076054E-011  0.10878511322723243       0.46167455125939239     
   6.4813598105874960E-011  0.10714499221298025       0.45767998262119447     
   6.8654045235791768E-011  0.10547873301177739       0.45376175332056329     
   7.2722053164502453E-011  0.10378591844290290       0.44992336710265818     
   7.7031105717040134E-011  0.10206676907394936       0.44616835695427937     
   8.1595485685300377E-011  0.10032215768469371       0.44250013080915140     
   8.6430322169804474E-011   9.8553595984909870E-002  0.43892183090661063     
   9.1551640726638696E-011   9.6763196169245363E-002  0.43543621267410043     
   9.6976416485784688E-011   9.4953611137888902E-002  0.43204554742099238     
   1.0272263041691177E-010   9.3127958076139161E-002  0.42875155134342763     
   1.0880932892912378E-010   9.1289730550099465E-002  0.42555534153725821     
   1.1525668700221514E-010   8.9442704326645125E-002  0.42245741805642401     
   1.2208607505868932E-010   8.7590841812513490E-002  0.41945766967228804     
   1.2932012979819061E-010   8.5738199408155302E-002  0.41655539996738949     
   1.3698282922914400E-010   8.3888841275644790E-002  0.41374936976641175     
   1.4509957214629532E-010   8.2046762126971443E-002  0.41103785166047629     
   1.5369726231759393E-010   8.0215820742925811E-002  0.40841869246286561     
   1.6280439765946245E-010   7.8399685076464082E-002  0.40588937977303008     
   1.7245116469603008E-010   7.6601789080560728E-002  0.40344710935434053     
   1.8266953861543220E-010   7.4825300810519677E-002  0.40108885064832850     
   1.9349338925481333E-010   7.3073100922889461E-002  0.39881140839943668     
   2.0495859336533997E-010   7.1347770413569281E-002  0.39661147898719706     
   2.1710315352933369E-010   6.9651586291371234E-002  0.39448570061901078     
   2.2996732412368332E-010   6.7986523845999416E-002  0.39243069700305711     
   2.4359374474706473E-010   6.6354264214838879E-002  0.39044311448765989     
   2.5802758155321421E-010   6.4756206054902066E-002  0.38851965292273888     
   2.7331667695872850E-010   6.3193480260927928E-002  0.38665709067951320     
   2.8951170822161109E-010   6.1666966819064514E-002  0.38485230437110018     
   3.0666635541618148E-010   6.0177313033280319E-002  0.38310228386489209     
   3.2483747936113293E-010   5.8724952498601983E-002  0.38140414318231353     
   3.4408531009048104E-010   5.7310124316724040E-002  0.37975512785939897     
   3.6447364649212421E-010   5.5932892152777754E-002  0.37815261930061939     
   3.8607006777573319E-010   5.4593162818372017E-002  0.37659413661157315     
   4.0894615747089329E-010   5.3290704136258339E-002  0.37507733634620055     
   4.3317774069798225E-010   5.2025161902577610E-002  0.37360001055779180     
   4.5884513549821974E-010   5.0796075807273688E-002  0.37216008349716834     
   4.8603341905596664E-010   4.9602894219725337E-002  0.37075560726587553     
   5.1483270969568723E-010   4.8444987781060891E-002  0.36938475669435761     
   5.4533846558827378E-010   4.7321661777812787E-002  0.36804582368363625     
   5.7765180115684633E-010   4.6232167301198571E-002  0.36673721121852565     
   6.1187982223076051E-010   4.5175711222985256E-002  0.36545742723173430     
   6.4813598105874960E-010   4.4151465041378381E-002  0.36420507846913713     
   6.8654045235791786E-010   4.3158572669404843E-002  0.36297886447915184     
   7.2722053164502440E-010   4.2196157252589045E-002  0.36177757182167802     
   7.7031105717040131E-010   4.1263327112465151E-002  0.36060006856559107     
   8.1595485685300377E-010   4.0359180917387598E-002  0.35944529911995243     
   8.6430322169804471E-010   3.9482812182215228E-002  0.35831227942095384     
   9.1551640726638686E-010   3.8633313194493354E-002  0.35720009247803958     
   9.6976416485784716E-010   3.7809778456983571E-002  0.35610788426595152     
   1.0272263041691177E-009   3.7011307726006311E-002  0.35503485993813794     
   1.0880932892912378E-009   3.6237008712504508E-002  0.35398028032723294     
   1.1525668700221515E-009   3.5485999499395737E-002  0.35294345869475502     
   1.2208607505868930E-009   3.4757410715875410E-002  0.35192375769184092     
   1.2932012979819060E-009   3.4050387496599319E-002  0.35092058649346225     
   1.3698282922914403E-009   3.3364091243245658E-002  0.34993339807454255     
   1.4509957214629533E-009   3.2697701197445306E-002  0.34896168660222587     
   1.5369726231759393E-009   3.2050415827888895E-002  0.34800498492663667     
   1.6280439765946246E-009   3.1421454031862806E-002  0.34706286215943227     
   1.7245116469603009E-009   3.0810056149607013E-002  0.34613492133745144     
   1.8266953861543218E-009   3.0215484792175975E-002  0.34522079717462334     
   1.9349338925481330E-009   2.9637025486335015E-002  0.34432015390988535     
   2.0495859336533995E-009   2.9073987144451727E-002  0.34343268326167886     
   2.1710315352933365E-009   2.8525702373024681E-002  0.34255810250060370     
   2.2996732412368329E-009   2.7991527636715575E-002  0.34169615265054165     
   2.4359374474706473E-009   2.7470843301798057E-002  0.34084659682576057     
   2.5802758155321420E-009   2.6963053584793135E-002  0.34000921870753792     
   2.7331667695872851E-009   2.6467586434699493E-002  0.33918382115827622     
   2.8951170822161108E-009   2.5983893377701385E-002  0.33837022496548830     
   3.0666635541618150E-009   2.5511449352081647E-002  0.33756826770226811     
   3.2483747936113296E-009   2.5049752558465092E-002  0.33677780268511787     
   3.4408531009048106E-009   2.4598324345694672E-002  0.33599869800549165     
   3.6447364649212423E-009   2.4156709147054801E-002  0.33523083560785322     
   3.8607006777573320E-009   2.3724474474716865E-002  0.33447411038487346     
   4.0894615747089323E-009   2.3301210972815591E-002  0.33372842926008134     
   4.3317774069798217E-009   2.2886532521855910E-002  0.33299371022949276     
   4.5884513549821976E-009   2.2480076379729531E-002  0.33226988133677038     
   4.8603341905596656E-009   2.2081503337957289E-002  0.33155687956096919     
   5.1483270969568729E-009   2.1690497865233815E-002  0.33085464960334920     
   5.4533846558827384E-009   2.1306768207468931E-002  0.33016314256477947     
   5.7765180115684621E-009   2.0930046409763647E-002  0.32948231451567828     
   6.1187982223076047E-009   2.0560088225916900E-002  0.32881212496773238     
   6.4813598105874949E-009   2.0196672882088085E-002  0.32815253526581883     
   6.8654045235791776E-009   1.9839602665882763E-002  0.32750350692594232     
   7.2722053164502449E-009   1.9488702316997262E-002  0.32686499995219853     
   7.7031105717040125E-009   1.9143818203629526E-002  0.32623697117079625     
   8.1595485685300393E-009   1.8804817277417493E-002  0.32561937262280405     
   8.6430322169804484E-009   1.8471585809420928E-002  0.32501215005790085     
   9.1551640726638688E-009   1.8144027919622198E-002  0.32441524157074114     
   9.6976416485784712E-009   1.7822063921921181E-002  0.32382857641766422     
   1.0272263041691177E-008   1.7505628515156215E-002  0.32325207404591982     
   1.0880932892912376E-008   1.7194668857701691E-002  0.32268564336042632     
   1.1525668700221516E-008   1.6889142568525837E-002  0.32212918224401077     
   1.2208607505868933E-008   1.6589015699806555E-002  0.32158257733834517     
   1.2932012979819060E-008   1.6294260727401262E-002  0.32104570408245331     
   1.3698282922914402E-008   1.6004854603865078E-002  0.32051842699821065     
   1.4509957214629535E-008   1.5720776914078995E-002  0.32000060020235965     
   1.5369726231759395E-008   1.5442008169053466E-002  0.31949206811937042     
   1.6280439765946244E-008   1.5168528266488486E-002  0.31899266636409995     
   1.7245116469603011E-008   1.4900315139404128E-002  0.31850222275977730     
   1.8266953861543219E-008   1.4637343606566685E-002  0.31802055845568211     
   1.9349338925481309E-008   1.4379584431044519E-002  0.31754748910901265     
   2.0495859336533994E-008   1.4127003586378521E-002  0.31708282609691779     
   2.1710315352933369E-008   1.3879561723695002E-002  0.31662637772750407     
   2.2996732412368353E-008   1.3637213828336686E-002  0.31617795042236896     
   2.4359374474706476E-008   1.3399909050335706E-002  0.31573734984730811     
   2.5802758155321393E-008   1.3167590690404246E-002  0.31530438197209459     
   2.7331667695872850E-008   1.2940196321301580E-002  0.31487885404487670     
   2.8951170822161105E-008   1.2717658023635826E-002  0.31446057547112594     
   3.0666635541618184E-008   1.2499902715168544E-002  0.31404935859086269     
   3.2483747936113302E-008   1.2286852553412424E-002  0.31364501935142741     
   3.4408531009048065E-008   1.2078425392531325E-002  0.31324737787633566     
   3.6447364649212418E-008   1.1874535277181197E-002  0.31285625893283175     
   3.8607006777573319E-008   1.1675092957808752E-002  0.31247149230338978     
   4.0894615747089369E-008   1.1480006413919957E-002  0.31209291306716352     
   4.3317774069798227E-008   1.1289181373883295E-002  0.31172036179914386     
   4.5884513549821928E-008   1.1102521821819047E-002  0.31135368469489660     
   4.8603341905596654E-008   1.0919930484030614E-002  0.31099273362937913     
   5.1483270969568729E-008   1.0741309289193406E-002  0.31063736615804616     
   5.4533846558827434E-008   1.0566559798022847E-002  0.31028744546868353     
   5.7765180115684629E-008   1.0395583599618959E-002  0.30994284029172625     
   6.1187982223075993E-008   1.0228282672800808E-002  0.30960342477600616     
   6.4813598105874948E-008   1.0064559711787916E-002  0.30926907833708972     
   6.8654045235791783E-008   9.9043184163656994E-003  0.30893968548398421     
   7.2722053164502521E-008   9.7474637473618734E-003  0.30861513562963733     
   7.7031105717040131E-008   9.5939021487470768E-003  0.30829532289009348     
   8.1595485685300300E-008   9.4435417380502248E-003  0.30798014587625200     
   8.6430322169804474E-008   9.2962924670492615E-003  0.30766950748186089     
   9.1551640726638678E-008   9.1520662548590179E-003  0.30736331467064970     
   9.6976416485784798E-008   9.0107770956263777E-003  0.30706147826502211     
   1.0272263041691177E-007   8.8723411430761418E-003  0.30676391273843995     
   1.0880932892912365E-007   8.7366767741165526E-003  0.30647053601283369     
   1.1525668700221518E-007   8.6037046336566204E-003  0.30618126926261469     
   1.2208607505868933E-007   8.4733476626922839E-003  0.30589603672583399     
   1.2932012979819071E-007   8.3455311116051398E-003  0.30561476552356931     
   1.3698282922914400E-007   8.2201825405094821E-003  0.30533738548751588     
   1.4509957214629519E-007   8.0972318083280866E-003  0.30506382899650214     
   1.5369726231759392E-007   7.9766110521158756E-003  0.30479403082170886     
   1.6280439765946247E-007   7.8582546581092844E-003  0.30452792798067779     
   1.7245116469603024E-007   7.7420992257497745E-003  0.30426545959998175     
   1.8266953861543217E-007   7.6280835258436585E-003  0.30400656678635768     
   1.9349338925481309E-007   7.5161484539280855E-003  0.30375119250599636     
   2.0495859336533996E-007   7.4062369796959997E-003  0.30349928147176775     
   2.1710315352933369E-007   7.2982940933970369E-003  0.30325078003791955     
   2.2996732412368351E-007   7.1922667498695025E-003  0.30300563610199127     
   2.4359374474706469E-007   7.0881038108652561E-003  0.30276379901351380     
   2.5802758155321390E-007   6.9857559862194062E-003  0.30252521948911387     
   2.7331667695872851E-007   6.8851757743462368E-003  0.30228984953372301     
   2.8951170822161109E-007   6.7863174024785731E-003  0.30205764236739974     
   3.0666635541618180E-007   6.6891367670040506E-003  0.30182855235746253     
   3.2483747936113298E-007   6.5935913742067214E-003  0.30160253495565514     
   3.4408531009048073E-007   6.4996402816670466E-003  0.30137954663986299     
   3.6447364649212421E-007   6.4072440405366065E-003  0.30115954486014684     
   3.8607006777573320E-007   6.3163646388669226E-003  0.30094248798884010     
   4.0894615747089368E-007   6.2269654461361819E-003  0.30072833527428233     
   4.3317774069798217E-007   6.1390111590920570E-003  0.30051704679805458     
   4.5884513549821926E-007   6.0524677490019175E-003  0.30030858343534705     
   4.8603341905596652E-007   5.9673024103841805E-003  0.30010290681835605     
   5.1483270969568732E-007   5.8834835112673073E-003  0.29989997930233114     
   5.4533846558827431E-007   5.8009805450187383E-003  0.29969976393423414     
   5.7765180115684621E-007   5.7197640837580686E-003  0.29950222442364355     
   6.1187982223075982E-007   5.6398057333705304E-003  0.29930732511586927     
   6.4813598105874963E-007   5.5610780901158173E-003  0.29911503096706671     
   6.8654045235791780E-007   5.4835546988263092E-003  0.29892530752119206     
   7.2722053164502527E-007   5.4072100126745168E-003  0.29873812088862339     
   7.7031105717040137E-007   5.3320193544919969E-003  0.29855343772642218     
   8.1595485685300308E-007   5.2579588796063028E-003  0.29837122521998610     
   8.6430322169804479E-007   5.1850055401721929E-003  0.29819145106616873     
   9.1551640726638686E-007   5.1131370509537727E-003  0.29801408345755703     
   9.6976416485784812E-007   5.0423318565269810E-003  0.29783909106796136     
   1.0272263041691178E-006   4.9725690998593877E-003  0.29766644303901840     
   1.0880932892912365E-006   4.9038285922282177E-003  0.29749610896782103     
   1.1525668700221515E-006   4.8360907844343182E-003  0.29732805889550351     
   1.2208607505868932E-006   4.7693367392689073E-003  0.29716226329670886     
   1.2932012979819074E-006   4.7035481051929881E-003  0.29699869306999044     
   1.3698282922914402E-006   4.6387070911843107E-003  0.29683731952898990     
   1.4509957214629518E-006   4.5747964427098296E-003  0.29667811439438369     
   1.5369726231759393E-006   4.5117994187843903E-003  0.29652104978668126     
   1.6280439765946245E-006   4.4496997700706198E-003  0.29636609821966409     
   1.7245116469603025E-006   4.3884817179822549E-003  0.29621323259460641     
   1.8266953861543216E-006   4.3281299347507438E-003  0.29606242619524109     
   1.9349338925481311E-006   4.2686295244152433E-003  0.29591365268338704     
   2.0495859336534007E-006   4.2099660046995575E-003  0.29576688609536544     
   2.1710315352933358E-006   4.1521252897394690E-003  0.29562210083909879     
   2.2996732412368351E-006   4.0950936736252721E-003  0.29547927169205929     
   2.4359374474706473E-006   4.0388578147237250E-003  0.29533837379994105     
   2.5802758155321388E-006   3.9834047207480232E-003  0.29519938267615803     
   2.7331667695872860E-006   3.9287217345444604E-003  0.29506227420232234     
   2.8951170822161090E-006   3.8747965205627936E-003  0.29492702462952491     
   3.0666635541618180E-006   3.8216170519837340E-003  0.29479361058073406     
   3.2483747936113296E-006   3.7691715984742007E-003  0.29466200905423762     
   3.4408531009048074E-006   3.7174487145423766E-003  0.29453219742823611     
   3.6447364649212438E-006   3.6664372284705466E-003  0.29440415346681303     
   3.8607006777573296E-006   3.6161262317961967E-003  0.29427785532720230     
   4.0894615747089371E-006   3.5665050693233238E-003  0.29415328156870468     
   4.3317774069798225E-006   3.5175633296382226E-003  0.29403041116327772     
   4.5884513549821929E-006   3.4692908361111602E-003  0.29390922350803256     
   4.8603341905596681E-006   3.4216776383624629E-003  0.29378969843977676     
   5.1483270969568698E-006   3.3747140041777948E-003  0.29367181625201688     
   5.4533846558827439E-006   3.3283904118508313E-003  0.29355555771441727     
   5.7765180115684623E-006   3.2826975429421389E-003  0.29344090409526469     
   6.1187982223075986E-006   3.2376262754352072E-003  0.29332783718705885     
   6.4813598105874995E-006   3.1931676772798054E-003  0.29321633933583352     
   6.8654045235791740E-006   3.1493130003062701E-003  0.29310639347437817     
   7.2722053164502537E-006   3.1060536745034909E-003  0.29299798316004638     
   7.7031105717040135E-006   3.0633813026469552E-003  0.29289109261754720     
   8.1595485685300304E-006   3.0212876552711716E-003  0.29278570678742294     
   8.6430322169804517E-006   2.9797646659771295E-003  0.29268181138080385     
   9.1551640726638631E-006   2.9388044270692998E-003  0.29257939294122753     
   9.6976416485784799E-006   2.8983991855174463E-003  0.29247843891439468     
   1.0272263041691177E-005   2.8585413392401191E-003  0.29237893772678464     
   1.0880932892912367E-005   2.8192234337084754E-003  0.29228087887424131     
   1.1525668700221520E-005   2.7804381588686323E-003  0.29218425302165252     
   1.2208607505868924E-005   2.7421783463861772E-003  0.29208905211514613     
   1.2932012979819072E-005   2.7044369672149576E-003  0.29199526950834198     
   1.3698282922914400E-005   2.6672071294953120E-003  0.29190290010424136     
   1.4509957214629518E-005   2.6304820767890399E-003  0.29181194051476939     
   1.5369726231759399E-005   2.5942551866611398E-003  0.29172238924008931     
   1.6280439765946237E-005   2.5585199696188817E-003  0.29163424687005057     
   1.7245116469603027E-005   2.5232700684235327E-003  0.29154751631052866     
   1.8266953861543219E-005   2.4884992577903302E-003  0.29146220303758913     
   1.9349338925481315E-005   2.4542014444990982E-003  0.29137831538307157     
   2.0495859336534006E-005   2.4203706679360800E-003  0.29129586485514264     
   2.1710315352933359E-005   2.3870011010950517E-003  0.29121486649830858     
   2.2996732412368345E-005   2.3540870520690873E-003  0.29113533929763907     
   2.4359374474706474E-005   2.3216229660664020E-003  0.29105730663257978     
   2.5802758155321399E-005   2.2896034279917339E-003  0.29098079678647015     
   2.7331667695872865E-005   2.2580231656370254E-003  0.29090584351853133     
   2.8951170822161091E-005   2.2268770535328821E-003  0.29083248670604139     
   3.0666635541618167E-005   2.1961601175175907E-003  0.29076077306527731     
   3.2483747936113299E-005   2.1658675400886042E-003  0.29069075696090113     
   3.4408531009048080E-005   2.1359946666078969E-003  0.29062250131468220     
   3.6447364649212435E-005   2.1065370124430942E-003  0.29055607862578059     
   3.8607006777573299E-005   2.0774902711346954E-003  0.29049157211637305     
   4.0894615747089362E-005   2.0488503236912995E-003  0.29042907701806570     
   4.3317774069798221E-005   2.0206132491272155E-003  0.29036870201658754     
   4.5884513549821940E-005   1.9927753363704974E-003  0.29031057087435697     
   4.8603341905596678E-005   1.9653330976842011E-003  0.29025482425303800     
   5.1483270969568704E-005   1.9382832837632504E-003  0.29020162176106207     
   5.4533846558827421E-005   1.9116229006861185E-003  0.29015114425419802     
   5.7765180115684622E-005   1.8853492289261533E-003  0.29010359642096356     
   6.1187982223075995E-005   1.8594598446496447E-003  0.29005920968863358     
   6.4813598105874971E-005   1.8339526435595785E-003  0.29001824549050270     
   6.8654045235791753E-005   1.8088258675756058E-003  0.28998099894019747     
   7.2722053164502503E-005   1.7840781346775008E-003  0.28994780296483769     
   7.7031105717040131E-005   1.7597084722873458E-003  0.28991903295620863     
   8.1595485685300321E-005   1.7357163546087484E-003  0.28989511200629314     
   8.6430322169804517E-005   1.7121017444083615E-003  0.28987651680363452     
   9.1551640726638648E-005   1.6888651397839168E-003  0.28986378427646114     
   9.6976416485784785E-005   1.6660076265482184E-003  0.28985751908133511     
   1.0272263041691177E-004   1.6435309369473411E-003  0.28985840204979185     
   1.0880932892912368E-004   1.6214375155401725E-003  0.28986719972155434     
   1.1525668700221520E-004   1.5997305931958936E-003  0.28988477511202970     
   1.2208607505868928E-004   1.5784142703147569E-003  0.28991209988347477     
   1.2932012979819068E-004   1.5574936105609896E-003  0.28995026811525693     
   1.3698282922914405E-004   1.5369747466106541E-003  0.29000051189885406     
   1.4509957214629523E-004   1.5168649996759470E-003  0.29006421901865515     
   1.5369726231759400E-004   1.4971730148827796E-003  0.29014295302252657     
   1.6280439765946239E-004   1.4779089149541433E-003  0.29023847603589775     
   1.7245116469603020E-004   1.4590844751163009E-003  0.29035277473364118     
   1.8266953861543217E-004   1.4407133227075600E-003  0.29048808995611086     
   100000000000000000000.0   0.000000000000000000000  0.00000000000000000
